# Iteration 813, is_converged_ 1
# Heat flux: -0.569199
0 0 1
0 0.0555556 1
0 0.111111 1
0 0.166667 1
0 0.222222 1
0 0.277778 1
0 0.333333 1
0 0.388889 1
0 0.444444 1
0 0.5 1
0 0.555556 1
0 0.611111 1
0 0.666667 1
0 0.722222 1
0 0.777778 1
0 0.833333 1
0 0.888889 1
0 0.944444 1
0 1 1
0 1.05556 1
0 1.11111 1
0 1.16667 1
0 1.22222 1
0 1.27778 1
0 1.33333 1
0 1.38889 1
0 1.44444 1
0 1.5 1
0 1.55556 1
0 1.61111 1
0 1.66667 1
0 1.72222 1
0 1.77778 1
0 1.83333 1
0 1.88889 1
0 1.94444 1
0 2 1
0 2.05556 1
0 2.11111 1
0 2.16667 1
0 2.22222 1
0 2.27778 1
0 2.33333 1
0 2.38889 1
0 2.44444 1
0 2.5 1
0 2.55556 1
0 2.61111 1
0 2.66667 1
0 2.72222 1
0 2.77778 1
0 2.83333 1
0 2.88889 1
0 2.94444 1
0 3 1
0 3.05556 1
0 3.11111 1
0 3.16667 1
0 3.22222 1
0 3.27778 1
0 3.33333 1
0 3.38889 1
0 3.44444 1
0 3.5 1
0 3.55556 1
0 3.61111 1
0 3.66667 1
0 3.72222 1
0 3.77778 1
0 3.83333 1
0 3.88889 1
0 3.94444 1
0 4 1
0 4.05556 1
0 4.11111 1
0 4.16667 1
0 4.22222 1
0 4.27778 1
0 4.33333 1
0 4.38889 1
0 4.44444 1
0 4.5 1
0 4.55556 1
0 4.61111 1
0 4.66667 1
0 4.72222 1
0 4.77778 1
0 4.83333 1
0 4.88889 1
0 4.94444 1
0 5 1
0 5.05556 1
0 5.11111 1
0 5.16667 1
0 5.22222 1
0 5.27778 1
0 5.33333 1
0 5.38889 1
0 5.44444 1
0 5.5 1
0 5.55556 1
0 5.61111 1
0 5.66667 1
0 5.72222 1
0 5.77778 1
0 5.83333 1
0 5.88889 1
0 5.94444 1
0 6 1
0 6.05556 1
0 6.11111 1
0 6.16667 1
0 6.22222 1
0 6.27778 1
0 6.33333 1
0 6.38889 1
0 6.44444 1
0 6.5 1
0 6.55556 1
0 6.61111 1
0 6.66667 1
0 6.72222 1
0 6.77778 1
0 6.83333 1
0 6.88889 1
0 6.94444 1
0 7 1
0 7.05556 1
0 7.11111 1
0 7.16667 1
0 7.22222 1
0 7.27778 1
0 7.33333 1
0 7.38889 1
0 7.44444 1
0 7.5 1
0 7.55556 1
0 7.61111 1
0 7.66667 1
0 7.72222 1

0.0555556 0 0.964111
0.0555556 0.0555556 0.969283
0.0555556 0.111111 0.974326
0.0555556 0.166667 0.978937
0.0555556 0.222222 0.982956
0.0555556 0.277778 0.98634
0.0555556 0.333333 0.989124
0.0555556 0.388889 0.991379
0.0555556 0.444444 0.993186
0.0555556 0.5 0.994624
0.0555556 0.555556 0.995764
0.0555556 0.611111 0.996665
0.0555556 0.666667 0.997375
0.0555556 0.722222 0.997935
0.0555556 0.777778 0.998376
0.0555556 0.833333 0.998723
0.0555556 0.888889 0.998996
0.0555556 0.944444 0.99921
0.0555556 1 0.999379
0.0555556 1.05556 0.999511
0.0555556 1.11111 0.999616
0.0555556 1.16667 0.999698
0.0555556 1.22222 0.999762
0.0555556 1.27778 0.999812
0.0555556 1.33333 0.999852
0.0555556 1.38889 0.999883
0.0555556 1.44444 0.999907
0.0555556 1.5 0.999926
0.0555556 1.55556 0.999941
0.0555556 1.61111 0.999952
0.0555556 1.66667 0.99996
0.0555556 1.72222 0.999966
0.0555556 1.77778 0.99997
0.0555556 1.83333 0.999972
0.0555556 1.88889 0.999972
0.0555556 1.94444 0.999971
0.0555556 2 0.999968
0.0555556 2.05556 0.999964
0.0555556 2.11111 0.999957
0.0555556 2.16667 0.999948
0.0555556 2.22222 0.999935
0.0555556 2.27778 0.999919
0.0555556 2.33333 0.999899
0.0555556 2.38889 0.999872
0.0555556 2.44444 0.999838
0.0555556 2.5 0.999794
0.0555556 2.55556 0.999739
0.0555556 2.61111 0.999668
0.0555556 2.66667 0.999579
0.0555556 2.72222 0.999464
0.0555556 2.77778 0.999319
0.0555556 2.83333 0.999134
0.0555556 2.88889 0.998898
0.0555556 2.94444 0.998599
0.0555556 3 0.998219
0.0555556 3.05556 0.997736
0.0555556 3.11111 0.997122
0.0555556 3.16667 0.996343
0.0555556 3.22222 0.995355
0.0555556 3.27778 0.994107
0.0555556 3.33333 0.992532
0.0555556 3.38889 0.990555
0.0555556 3.44444 0.988093
0.0555556 3.5 0.985061
0.0555556 3.55556 0.981388
0.0555556 3.61111 0.977052
0.0555556 3.66667 0.97212
0.0555556 3.72222 0.966798
0.0555556 3.77778 0.961446
0.0555556 3.83333 0.956495
0.0555556 3.88889 0.952265
0.0555556 3.94444 0.948885
0.0555556 4 0.946324
0.0555556 4.05556 0.944466
0.0555556 4.11111 0.943167
0.0555556 4.16667 0.942286
0.0555556 4.22222 0.941707
0.0555556 4.27778 0.941341
0.0555556 4.33333 0.941118
0.0555556 4.38889 0.940992
0.0555556 4.44444 0.940929
0.0555556 4.5 0.940905
0.0555556 4.55556 0.940905
0.0555556 4.61111 0.940919
0.0555556 4.66667 0.940941
0.0555556 4.72222 0.940966
0.0555556 4.77778 0.940991
0.0555556 4.83333 0.941015
0.0555556 4.88889 0.941037
0.0555556 4.94444 0.941057
0.0555556 5 0.941075
0.0555556 5.05556 0.94109
0.0555556 5.11111 0.941103
0.0555556 5.16667 0.941115
0.0555556 5.22222 0.941124
0.0555556 5.27778 0.941133
0.0555556 5.33333 0.94114
0.0555556 5.38889 0.941145
0.0555556 5.44444 0.94115
0.0555556 5.5 0.941154
0.0555556 5.55556 0.941158
0.0555556 5.61111 0.94116
0.0555556 5.66667 0.941162
0.0555556 5.72222 0.941164
0.0555556 5.77778 0.941165
0.0555556 5.83333 0.941166
0.0555556 5.88889 0.941167
0.0555556 5.94444 0.941167
0.0555556 6 0.941167
0.0555556 6.05556 0.941167
0.0555556 6.11111 0.941167
0.0555556 6.16667 0.941166
0.0555556 6.22222 0.941165
0.0555556 6.27778 0.941164
0.0555556 6.33333 0.941164
0.0555556 6.38889 0.941163
0.0555556 6.44444 0.941163
0.0555556 6.5 0.941163
0.0555556 6.55556 0.941165
0.0555556 6.61111 0.941169
0.0555556 6.66667 0.941176
0.0555556 6.72222 0.941189
0.0555556 6.77778 0.94121
0.0555556 6.83333 0.941244
0.0555556 6.88889 0.941295
0.0555556 6.94444 0.941374
0.0555556 7 0.941493
0.0555556 7.05556 0.94167
0.0555556 7.11111 0.941932
0.0555556 7.16667 0.942314
0.0555556 7.22222 0.942868
0.0555556 7.27778 0.943662
0.0555556 7.33333 0.944786
0.0555556 7.38889 0.94635
0.0555556 7.44444 0.948479
0.0555556 7.5 0.951294
0.0555556 7.55556 0.954873
0.0555556 7.61111 0.959201
0.0555556 7.66667 0.964111
0.0555556 7.72222 0.969283

0.111111 0 0.927962
0.111111 0.0555556 0.938693
0.111111 0.111111 0.949083
0.111111 0.166667 0.958468
0.111111 0.222222 0.966546
0.111111 0.277778 0.97328
0.111111 0.333333 0.978778
0.111111 0.388889 0.983205
0.111111 0.444444 0.98674
0.111111 0.5 0.989547
0.111111 0.555556 0.991767
0.111111 0.611111 0.99352
0.111111 0.666667 0.994902
0.111111 0.722222 0.99599
0.111111 0.777778 0.996846
0.111111 0.833333 0.99752
0.111111 0.888889 0.998049
0.111111 0.944444 0.998466
0.111111 1 0.998794
0.111111 1.05556 0.999051
0.111111 1.11111 0.999254
0.111111 1.16667 0.999413
0.111111 1.22222 0.999538
0.111111 1.27778 0.999636
0.111111 1.33333 0.999713
0.111111 1.38889 0.999773
0.111111 1.44444 0.99982
0.111111 1.5 0.999856
0.111111 1.55556 0.999884
0.111111 1.61111 0.999906
0.111111 1.66667 0.999922
0.111111 1.72222 0.999933
0.111111 1.77778 0.999941
0.111111 1.83333 0.999945
0.111111 1.88889 0.999946
0.111111 1.94444 0.999944
0.111111 2 0.999938
0.111111 2.05556 0.999929
0.111111 2.11111 0.999916
0.111111 2.16667 0.999898
0.111111 2.22222 0.999875
0.111111 2.27778 0.999843
0.111111 2.33333 0.999803
0.111111 2.38889 0.999751
0.111111 2.44444 0.999685
0.111111 2.5 0.999601
0.111111 2.55556 0.999493
0.111111 2.61111 0.999356
0.111111 2.66667 0.999182
0.111111 2.72222 0.99896
0.111111 2.77778 0.998677
0.111111 2.83333 0.998318
0.111111 2.88889 0.997861
0.111111 2.94444 0.99728
0.111111 3 0.996541
0.111111 3.05556 0.995602
0.111111 3.11111 0.994409
0.111111 3.16667 0.992894
0.111111 3.22222 0.990972
0.111111 3.27778 0.988539
0.111111 3.33333 0.985465
0.111111 3.38889 0.981596
0.111111 3.44444 0.976757
0.111111 3.5 0.970761
0.111111 3.55556 0.963439
0.111111 3.61111 0.954701
0.111111 3.66667 0.944631
0.111111 3.72222 0.933627
0.111111 3.77778 0.922489
0.111111 3.83333 0.912269
0.111111 3.88889 0.903682
0.111111 3.94444 0.896949
0.111111 4 0.891945
0.111111 4.05556 0.888375
0.111111 4.11111 0.885914
0.111111 4.16667 0.884269
0.111111 4.22222 0.883203
0.111111 4.27778 0.882537
0.111111 4.33333 0.88214
0.111111 4.38889 0.881922
0.111111 4.44444 0.881818
0.111111 4.5 0.881785
0.111111 4.55556 0.881796
0.111111 4.61111 0.881832
0.111111 4.66667 0.881879
0.111111 4.72222 0.881931
0.111111 4.77778 0.881982
0.111111 4.83333 0.882031
0.111111 4.88889 0.882076
0.111111 4.94444 0.882116
0.111111 5 0.882151
0.111111 5.05556 0.882182
0.111111 5.11111 0.882208
0.111111 5.16667 0.882231
0.111111 5.22222 0.88225
0.111111 5.27778 0.882267
0.111111 5.33333 0.88228
0.111111 5.38889 0.882292
0.111111 5.44444 0.882301
0.111111 5.5 0.882309
0.111111 5.55556 0.882316
0.111111 5.61111 0.882321
0.111111 5.66667 0.882325
0.111111 5.72222 0.882328
0.111111 5.77778 0.882331
0.111111 5.83333 0.882333
0.111111 5.88889 0.882334
0.111111 5.94444 0.882335
0.111111 6 0.882335
0.111111 6.05556 0.882334
0.111111 6.11111 0.882334
0.111111 6.16667 0.882332
0.111111 6.22222 0.882331
0.111111 6.27778 0.882329
0.111111 6.33333 0.882327
0.111111 6.38889 0.882326
0.111111 6.44444 0.882325
0.111111 6.5 0.882325
0.111111 6.55556 0.882328
0.111111 6.61111 0.882335
0.111111 6.66667 0.882348
0.111111 6.72222 0.88237
0.111111 6.77778 0.882408
0.111111 6.83333 0.882469
0.111111 6.88889 0.882564
0.111111 6.94444 0.882709
0.111111 7 0.882928
0.111111 7.05556 0.883256
0.111111 7.11111 0.883742
0.111111 7.16667 0.884456
0.111111 7.22222 0.885495
0.111111 7.27778 0.886994
0.111111 7.33333 0.889132
0.111111 7.38889 0.892136
0.111111 7.44444 0.896273
0.111111 7.5 0.901823
0.111111 7.55556 0.908998
0.111111 7.61111 0.917819
0.111111 7.66667 0.927962
0.111111 7.72222 0.938693

0.166667 0 0.891225
0.166667 0.0555556 0.908446
0.166667 0.111111 0.924845
0.166667 0.166667 0.939305
0.166667 0.222222 0.951481
0.166667 0.277778 0.961457
0.166667 0.333333 0.969501
0.166667 0.388889 0.975924
0.166667 0.444444 0.981023
0.166667 0.5 0.985056
0.166667 0.555556 0.988238
0.166667 0.611111 0.990747
0.166667 0.666667 0.992722
0.166667 0.722222 0.994276
0.166667 0.777778 0.995499
0.166667 0.833333 0.99646
0.166667 0.888889 0.997217
0.166667 0.944444 0.997811
0.166667 1 0.998279
0.166667 1.05556 0.998646
0.166667 1.11111 0.998935
0.166667 1.16667 0.999162
0.166667 1.22222 0.99934
0.166667 1.27778 0.99948
0.166667 1.33333 0.99959
0.166667 1.38889 0.999676
0.166667 1.44444 0.999743
0.166667 1.5 0.999795
0.166667 1.55556 0.999835
0.166667 1.61111 0.999866
0.166667 1.66667 0.999889
0.166667 1.72222 0.999905
0.166667 1.77778 0.999916
0.166667 1.83333 0.999922
0.166667 1.88889 0.999923
0.166667 1.94444 0.99992
0.166667 2 0.999912
0.166667 2.05556 0.999899
0.166667 2.11111 0.999881
0.166667 2.16667 0.999855
0.166667 2.22222 0.999821
0.166667 2.27778 0.999777
0.166667 2.33333 0.999719
0.166667 2.38889 0.999645
0.166667 2.44444 0.999551
0.166667 2.5 0.99943
0.166667 2.55556 0.999277
0.166667 2.61111 0.999081
0.166667 2.66667 0.998832
0.166667 2.72222 0.998515
0.166667 2.77778 0.998112
0.166667 2.83333 0.997599
0.166667 2.88889 0.996947
0.166667 2.94444 0.996118
0.166667 3 0.995063
0.166667 3.05556 0.993722
0.166667 3.11111 0.992017
0.166667 3.16667 0.989851
0.166667 3.22222 0.987101
0.166667 3.27778 0.983612
0.166667 3.33333 0.979193
0.166667 3.38889 0.973608
0.166667 3.44444 0.966578
0.166667 3.5 0.957787
0.166667 3.55556 0.946908
0.166667 3.61111 0.933681
0.166667 3.66667 0.918076
0.166667 3.72222 0.900588
0.166667 3.77778 0.882614
0.166667 3.83333 0.866412
0.166667 3.88889 0.853243
0.166667 3.94444 0.843286
0.166667 4 0.83613
0.166667 4.05556 0.831175
0.166667 4.11111 0.827846
0.166667 4.16667 0.825674
0.166667 4.22222 0.824299
0.166667 4.27778 0.823463
0.166667 4.33333 0.822984
0.166667 4.38889 0.822736
0.166667 4.44444 0.822635
0.166667 4.5 0.822623
0.166667 4.55556 0.822663
0.166667 4.61111 0.822732
0.166667 4.66667 0.822812
0.166667 4.72222 0.822896
0.166667 4.77778 0.822977
0.166667 4.83333 0.823052
0.166667 4.88889 0.82312
0.166667 4.94444 0.82318
0.166667 5 0.823233
0.166667 5.05556 0.823278
0.166667 5.11111 0.823318
0.166667 5.16667 0.823351
0.166667 5.22222 0.823379
0.166667 5.27778 0.823403
0.166667 5.33333 0.823423
0.166667 5.38889 0.82344
0.166667 5.44444 0.823454
0.166667 5.5 0.823465
0.166667 5.55556 0.823475
0.166667 5.61111 0.823483
0.166667 5.66667 0.823489
0.166667 5.72222 0.823494
0.166667 5.77778 0.823497
0.166667 5.83333 0.8235
0.166667 5.88889 0.823502
0.166667 5.94444 0.823503
0.166667 6 0.823503
0.166667 6.05556 0.823502
0.166667 6.11111 0.823501
0.166667 6.16667 0.823499
0.166667 6.22222 0.823496
0.166667 6.27778 0.823493
0.166667 6.33333 0.82349
0.166667 6.38889 0.823487
0.166667 6.44444 0.823485
0.166667 6.5 0.823484
0.166667 6.55556 0.823487
0.166667 6.61111 0.823494
0.166667 6.66667 0.823509
0.166667 6.72222 0.823537
0.166667 6.77778 0.823584
0.166667 6.83333 0.82366
0.166667 6.88889 0.823782
0.166667 6.94444 0.823969
0.166667 7 0.824254
0.166667 7.05556 0.824684
0.166667 7.11111 0.825325
0.166667 7.16667 0.826272
0.166667 7.22222 0.827663
0.166667 7.27778 0.829688
0.166667 7.33333 0.832612
0.166667 7.38889 0.836787
0.166667 7.44444 0.842655
0.166667 7.5 0.850727
0.166667 7.55556 0.861476
0.166667 7.61111 0.875115
0.166667 7.66667 0.891225
0.166667 7.72222 0.908446

0.222222 0 0.853379
0.222222 0.0555556 0.87902
0.222222 0.111111 0.902545
0.222222 0.166667 0.922427
0.222222 0.222222 0.938614
0.222222 0.277778 0.951567
0.222222 0.333333 0.961846
0.222222 0.388889 0.969967
0.222222 0.444444 0.976371
0.222222 0.5 0.981415
0.222222 0.555556 0.985384
0.222222 0.611111 0.988506
0.222222 0.666667 0.990962
0.222222 0.722222 0.992894
0.222222 0.777778 0.994412
0.222222 0.833333 0.995606
0.222222 0.888889 0.996545
0.222222 0.944444 0.997283
0.222222 1 0.997864
0.222222 1.05556 0.99832
0.222222 1.11111 0.998678
0.222222 1.16667 0.99896
0.222222 1.22222 0.999181
0.222222 1.27778 0.999355
0.222222 1.33333 0.999491
0.222222 1.38889 0.999598
0.222222 1.44444 0.999681
0.222222 1.5 0.999746
0.222222 1.55556 0.999795
0.222222 1.61111 0.999833
0.222222 1.66667 0.999862
0.222222 1.72222 0.999882
0.222222 1.77778 0.999895
0.222222 1.83333 0.999903
0.222222 1.88889 0.999905
0.222222 1.94444 0.999901
0.222222 2 0.999891
0.222222 2.05556 0.999875
0.222222 2.11111 0.999852
0.222222 2.16667 0.99982
0.222222 2.22222 0.999778
0.222222 2.27778 0.999723
0.222222 2.33333 0.999651
0.222222 2.38889 0.99956
0.222222 2.44444 0.999443
0.222222 2.5 0.999293
0.222222 2.55556 0.999102
0.222222 2.61111 0.99886
0.222222 2.66667 0.998551
0.222222 2.72222 0.998157
0.222222 2.77778 0.997657
0.222222 2.83333 0.99702
0.222222 2.88889 0.996211
0.222222 2.94444 0.995181
0.222222 3 0.993871
0.222222 3.05556 0.992205
0.222222 3.11111 0.990087
0.222222 3.16667 0.987393
0.222222 3.22222 0.983969
0.222222 3.27778 0.979616
0.222222 3.33333 0.974085
0.222222 3.38889 0.967064
0.222222 3.44444 0.958161
0.222222 3.5 0.946901
0.222222 3.55556 0.932723
0.222222 3.61111 0.915038
0.222222 3.66667 0.893405
0.222222 3.72222 0.868036
0.222222 3.77778 0.840966
0.222222 3.83333 0.817522
0.222222 3.88889 0.799593
0.222222 3.94444 0.786823
0.222222 4 0.778114
0.222222 4.05556 0.772347
0.222222 4.11111 0.768623
0.222222 4.16667 0.76628
0.222222 4.22222 0.764856
0.222222 4.27778 0.764033
0.222222 4.33333 0.763596
0.222222 4.38889 0.763405
0.222222 4.44444 0.763363
0.222222 4.5 0.763409
0.222222 4.55556 0.763503
0.222222 4.61111 0.763619
0.222222 4.66667 0.763743
0.222222 4.72222 0.763864
0.222222 4.77778 0.763977
0.222222 4.83333 0.76408
0.222222 4.88889 0.764171
0.222222 4.94444 0.764252
0.222222 5 0.764321
0.222222 5.05556 0.764381
0.222222 5.11111 0.764432
0.222222 5.16667 0.764476
0.222222 5.22222 0.764513
0.222222 5.27778 0.764543
0.222222 5.33333 0.764569
0.222222 5.38889 0.764591
0.222222 5.44444 0.764609
0.222222 5.5 0.764624
0.222222 5.55556 0.764636
0.222222 5.61111 0.764646
0.222222 5.66667 0.764654
0.222222 5.72222 0.76466
0.222222 5.77778 0.764665
0.222222 5.83333 0.764668
0.222222 5.88889 0.76467
0.222222 5.94444 0.764672
0.222222 6 0.764672
0.222222 6.05556 0.764671
0.222222 6.11111 0.764669
0.222222 6.16667 0.764666
0.222222 6.22222 0.764662
0.222222 6.27778 0.764658
0.222222 6.33333 0.764653
0.222222 6.38889 0.764649
0.222222 6.44444 0.764644
0.222222 6.5 0.764641
0.222222 6.55556 0.764641
0.222222 6.61111 0.764645
0.222222 6.66667 0.764658
0.222222 6.72222 0.764683
0.222222 6.77778 0.76473
0.222222 6.83333 0.764807
0.222222 6.88889 0.764933
0.222222 6.94444 0.765131
0.222222 7 0.765437
0.222222 7.05556 0.765901
0.222222 7.11111 0.766601
0.222222 7.16667 0.767645
0.222222 7.22222 0.769196
0.222222 7.27778 0.771484
0.222222 7.33333 0.774843
0.222222 7.38889 0.779743
0.222222 7.44444 0.786833
0.222222 7.5 0.796953
0.222222 7.55556 0.811064
0.222222 7.61111 0.829938
0.222222 7.66667 0.853379
0.222222 7.72222 0.87902

0.277778 0 0.813331
0.277778 0.0555556 0.85171
0.277778 0.111111 0.883888
0.277778 0.166667 0.909243
0.277778 0.222222 0.928983
0.277778 0.277778 0.944352
0.277778 0.333333 0.956346
0.277778 0.388889 0.965729
0.277778 0.444444 0.97308
0.277778 0.5 0.978848
0.277778 0.555556 0.983376
0.277778 0.611111 0.986932
0.277778 0.666667 0.989727
0.277778 0.722222 0.991924
0.277778 0.777778 0.99365
0.277778 0.833333 0.995008
0.277778 0.888889 0.996075
0.277778 0.944444 0.996913
0.277778 1 0.997573
0.277778 1.05556 0.998091
0.277778 1.11111 0.998498
0.277778 1.16667 0.998818
0.277778 1.22222 0.99907
0.277778 1.27778 0.999267
0.277778 1.33333 0.999422
0.277778 1.38889 0.999543
0.277778 1.44444 0.999637
0.277778 1.5 0.999711
0.277778 1.55556 0.999768
0.277778 1.61111 0.999811
0.277778 1.66667 0.999843
0.277778 1.72222 0.999866
0.277778 1.77778 0.999881
0.277778 1.83333 0.99989
0.277778 1.88889 0.999892
0.277778 1.94444 0.999887
0.277778 2 0.999876
0.277778 2.05556 0.999858
0.277778 2.11111 0.999832
0.277778 2.16667 0.999796
0.277778 2.22222 0.999748
0.277778 2.27778 0.999685
0.277778 2.33333 0.999604
0.277778 2.38889 0.9995
0.277778 2.44444 0.999367
0.277778 2.5 0.999197
0.277778 2.55556 0.99898
0.277778 2.61111 0.998704
0.277778 2.66667 0.998353
0.277778 2.72222 0.997906
0.277778 2.77778 0.997338
0.277778 2.83333 0.996615
0.277778 2.88889 0.995695
0.277778 2.94444 0.994524
0.277778 3 0.993036
0.277778 3.05556 0.991142
0.277778 3.11111 0.988732
0.277778 3.16667 0.985666
0.277778 3.22222 0.981765
0.277778 3.27778 0.976797
0.277778 3.33333 0.970469
0.277778 3.38889 0.962402
0.277778 3.44444 0.952103
0.277778 3.5 0.938931
0.277778 3.55556 0.922045
0.277778 3.61111 0.900345
0.277778 3.66667 0.87247
0.277778 3.72222 0.837186
0.277778 3.77778 0.795692
0.277778 3.83333 0.763116
0.277778 3.88889 0.740782
0.277778 3.94444 0.726301
0.277778 4 0.717155
0.277778 4.05556 0.711477
0.277778 4.11111 0.708018
0.277778 4.16667 0.705968
0.277778 4.22222 0.704812
0.277778 4.27778 0.704215
0.277778 4.33333 0.703965
0.277778 4.38889 0.703923
0.277778 4.44444 0.704002
0.277778 4.5 0.704146
0.277778 4.55556 0.704319
0.277778 4.61111 0.7045
0.277778 4.66667 0.704675
0.277778 4.72222 0.704839
0.277778 4.77778 0.704987
0.277778 4.83333 0.705119
0.277778 4.88889 0.705234
0.277778 4.94444 0.705334
0.277778 5 0.70542
0.277778 5.05556 0.705493
0.277778 5.11111 0.705555
0.277778 5.16667 0.705607
0.277778 5.22222 0.705652
0.277778 5.27778 0.705689
0.277778 5.33333 0.70572
0.277778 5.38889 0.705746
0.277778 5.44444 0.705767
0.277778 5.5 0.705785
0.277778 5.55556 0.705799
0.277778 5.61111 0.705811
0.277778 5.66667 0.705821
0.277778 5.72222 0.705828
0.277778 5.77778 0.705834
0.277778 5.83333 0.705838
0.277778 5.88889 0.70584
0.277778 5.94444 0.705841
0.277778 6 0.705841
0.277778 6.05556 0.70584
0.277778 6.11111 0.705838
0.277778 6.16667 0.705834
0.277778 6.22222 0.705829
0.277778 6.27778 0.705823
0.277778 6.33333 0.705817
0.277778 6.38889 0.705809
0.277778 6.44444 0.705802
0.277778 6.5 0.705795
0.277778 6.55556 0.70579
0.277778 6.61111 0.705788
0.277778 6.66667 0.705793
0.277778 6.72222 0.705809
0.277778 6.77778 0.705844
0.277778 6.83333 0.705906
0.277778 6.88889 0.706013
0.277778 6.94444 0.706186
0.277778 7 0.706459
0.277778 7.05556 0.706883
0.277778 7.11111 0.707531
0.277778 7.16667 0.708513
0.277778 7.22222 0.709991
0.277778 7.27778 0.712209
0.277778 7.33333 0.715531
0.277778 7.38889 0.720511
0.277778 7.44444 0.727982
0.277778 7.5 0.739188
0.277778 7.55556 0.755889
0.277778 7.61111 0.780196
0.277778 7.66667 0.813331
0.277778 7.72222 0.85171

0.333333 0 0.76804
0.333333 0.0555556 0.830602
0.333333 0.111111 0.872054
0.333333 0.166667 0.901673
0.333333 0.222222 0.923722
0.333333 0.277778 0.940511
0.333333 0.333333 0.953459
0.333333 0.388889 0.963521
0.333333 0.444444 0.971374
0.333333 0.5 0.97752
0.333333 0.555556 0.982339
0.333333 0.611111 0.986121
0.333333 0.666667 0.989091
0.333333 0.722222 0.991424
0.333333 0.777778 0.993258
0.333333 0.833333 0.994699
0.333333 0.888889 0.995832
0.333333 0.944444 0.996723
0.333333 1 0.997423
0.333333 1.05556 0.997973
0.333333 1.11111 0.998406
0.333333 1.16667 0.998745
0.333333 1.22222 0.999012
0.333333 1.27778 0.999222
0.333333 1.33333 0.999386
0.333333 1.38889 0.999515
0.333333 1.44444 0.999615
0.333333 1.5 0.999693
0.333333 1.55556 0.999753
0.333333 1.61111 0.999799
0.333333 1.66667 0.999833
0.333333 1.72222 0.999858
0.333333 1.77778 0.999874
0.333333 1.83333 0.999883
0.333333 1.88889 0.999885
0.333333 1.94444 0.99988
0.333333 2 0.999869
0.333333 2.05556 0.999849
0.333333 2.11111 0.999821
0.333333 2.16667 0.999783
0.333333 2.22222 0.999732
0.333333 2.27778 0.999665
0.333333 2.33333 0.999579
0.333333 2.38889 0.999469
0.333333 2.44444 0.999328
0.333333 2.5 0.999147
0.333333 2.55556 0.998917
0.333333 2.61111 0.998624
0.333333 2.66667 0.998252
0.333333 2.72222 0.997777
0.333333 2.77778 0.997174
0.333333 2.83333 0.996406
0.333333 2.88889 0.995429
0.333333 2.94444 0.994186
0.333333 3 0.992605
0.333333 3.05556 0.990593
0.333333 3.11111 0.988034
0.333333 3.16667 0.984775
0.333333 3.22222 0.980626
0.333333 3.27778 0.975339
0.333333 3.33333 0.968593
0.333333 3.38889 0.95997
0.333333 3.44444 0.948917
0.333333 3.5 0.934677
0.333333 3.55556 0.916182
0.333333 3.61111 0.891824
0.333333 3.66667 0.858946
0.333333 3.72222 0.812544
0.333333 3.77778 0.7415
0.333333 3.83333 0.69847
0.333333 3.88889 0.674118
0.333333 3.94444 0.660443
0.333333 4 0.652729
0.333333 4.05556 0.648389
0.333333 4.11111 0.646002
0.333333 4.16667 0.644764
0.333333 4.22222 0.644207
0.333333 4.27778 0.644051
0.333333 4.33333 0.644124
0.333333 4.38889 0.644321
0.333333 4.44444 0.644578
0.333333 4.5 0.644854
0.333333 4.55556 0.645128
0.333333 4.61111 0.645386
0.333333 4.66667 0.64562
0.333333 4.72222 0.64583
0.333333 4.77778 0.646014
0.333333 4.83333 0.646174
0.333333 4.88889 0.646312
0.333333 4.94444 0.64643
0.333333 5 0.64653
0.333333 5.05556 0.646615
0.333333 5.11111 0.646687
0.333333 5.16667 0.646747
0.333333 5.22222 0.646798
0.333333 5.27778 0.64684
0.333333 5.33333 0.646875
0.333333 5.38889 0.646905
0.333333 5.44444 0.646929
0.333333 5.5 0.646949
0.333333 5.55556 0.646966
0.333333 5.61111 0.646979
0.333333 5.66667 0.646989
0.333333 5.72222 0.646998
0.333333 5.77778 0.647004
0.333333 5.83333 0.647008
0.333333 5.88889 0.647011
0.333333 5.94444 0.647013
0.333333 6 0.647012
0.333333 6.05556 0.647011
0.333333 6.11111 0.647008
0.333333 6.16667 0.647003
0.333333 6.22222 0.646997
0.333333 6.27778 0.64699
0.333333 6.33333 0.646981
0.333333 6.38889 0.64697
0.333333 6.44444 0.646959
0.333333 6.5 0.646947
0.333333 6.55556 0.646935
0.333333 6.61111 0.646924
0.333333 6.66667 0.646917
0.333333 6.72222 0.646917
0.333333 6.77778 0.646929
0.333333 6.83333 0.646962
0.333333 6.88889 0.647026
0.333333 6.94444 0.64714
0.333333 7 0.647332
0.333333 7.05556 0.647641
0.333333 7.11111 0.648128
0.333333 7.16667 0.648884
0.333333 7.22222 0.650046
0.333333 7.27778 0.651828
0.333333 7.33333 0.654563
0.333333 7.38889 0.658787
0.333333 7.44444 0.665395
0.333333 7.5 0.675928
0.333333 7.55556 0.693108
0.333333 7.61111 0.721627
0.333333 7.66667 0.76804
0.333333 7.72222 0.830602

0.388889 0 0.706601
0.388889 0.0555556 0.830602
0.388889 0.111111 0.872054
0.388889 0.166667 0.901673
0.388889 0.222222 0.923722
0.388889 0.277778 0.940511
0.388889 0.333333 0.953459
0.388889 0.388889 0.963521
0.388889 0.444444 0.971374
0.388889 0.5 0.97752
0.388889 0.555556 0.982339
0.388889 0.611111 0.986121
0.388889 0.666667 0.989091
0.388889 0.722222 0.991424
0.388889 0.777778 0.993258
0.388889 0.833333 0.994699
0.388889 0.888889 0.995832
0.388889 0.944444 0.996723
0.388889 1 0.997423
0.388889 1.05556 0.997973
0.388889 1.11111 0.998406
0.388889 1.16667 0.998745
0.388889 1.22222 0.999012
0.388889 1.27778 0.999222
0.388889 1.33333 0.999386
0.388889 1.38889 0.999515
0.388889 1.44444 0.999615
0.388889 1.5 0.999693
0.388889 1.55556 0.999753
0.388889 1.61111 0.999799
0.388889 1.66667 0.999833
0.388889 1.72222 0.999858
0.388889 1.77778 0.999874
0.388889 1.83333 0.999883
0.388889 1.88889 0.999885
0.388889 1.94444 0.99988
0.388889 2 0.999869
0.388889 2.05556 0.999849
0.388889 2.11111 0.999821
0.388889 2.16667 0.999783
0.388889 2.22222 0.999732
0.388889 2.27778 0.999665
0.388889 2.33333 0.999579
0.388889 2.38889 0.999469
0.388889 2.44444 0.999328
0.388889 2.5 0.999147
0.388889 2.55556 0.998917
0.388889 2.61111 0.998624
0.388889 2.66667 0.998252
0.388889 2.72222 0.997777
0.388889 2.77778 0.997174
0.388889 2.83333 0.996406
0.388889 2.88889 0.995429
0.388889 2.94444 0.994186
0.388889 3 0.992605
0.388889 3.05556 0.990593
0.388889 3.11111 0.988034
0.388889 3.16667 0.984775
0.388889 3.22222 0.980626
0.388889 3.27778 0.975339
0.388889 3.33333 0.968593
0.388889 3.38889 0.95997
0.388889 3.44444 0.948917
0.388889 3.5 0.934677
0.388889 3.55556 0.916182
0.388889 3.61111 0.891824
0.388889 3.66667 0.858946
0.388889 3.72222 0.812544
0.388889 3.77778 0.659294
0.388889 3.83333 0.615146
0.388889 3.88889 0.596776
0.388889 3.94444 0.588623
0.388889 4 0.584927
0.388889 4.05556 0.583349
0.388889 4.11111 0.582838
0.388889 4.16667 0.582879
0.388889 4.22222 0.583203
0.388889 4.27778 0.583657
0.388889 4.33333 0.584159
0.388889 4.38889 0.58466
0.388889 4.44444 0.585133
0.388889 4.5 0.585566
0.388889 4.55556 0.585953
0.388889 4.61111 0.586294
0.388889 4.66667 0.58659
0.388889 4.72222 0.586846
0.388889 4.77778 0.587065
0.388889 4.83333 0.587252
0.388889 4.88889 0.58741
0.388889 4.94444 0.587544
0.388889 5 0.587657
0.388889 5.05556 0.587751
0.388889 5.11111 0.587831
0.388889 5.16667 0.587897
0.388889 5.22222 0.587952
0.388889 5.27778 0.587999
0.388889 5.33333 0.588037
0.388889 5.38889 0.588069
0.388889 5.44444 0.588095
0.388889 5.5 0.588117
0.388889 5.55556 0.588135
0.388889 5.61111 0.588149
0.388889 5.66667 0.588161
0.388889 5.72222 0.588169
0.388889 5.77778 0.588176
0.388889 5.83333 0.588181
0.388889 5.88889 0.588184
0.388889 5.94444 0.588185
0.388889 6 0.588185
0.388889 6.05556 0.588183
0.388889 6.11111 0.588179
0.388889 6.16667 0.588174
0.388889 6.22222 0.588166
0.388889 6.27778 0.588157
0.388889 6.33333 0.588146
0.388889 6.38889 0.588132
0.388889 6.44444 0.588117
0.388889 6.5 0.588099
0.388889 6.55556 0.588079
0.388889 6.61111 0.588057
0.388889 6.66667 0.588035
0.388889 6.72222 0.588013
0.388889 6.77778 0.587995
0.388889 6.83333 0.587985
0.388889 6.88889 0.587989
0.388889 6.94444 0.588018
0.388889 7 0.588087
0.388889 7.05556 0.588221
0.388889 7.11111 0.588456
0.388889 7.16667 0.588848
0.388889 7.22222 0.589483
0.388889 7.27778 0.590496
0.388889 7.33333 0.592105
0.388889 7.38889 0.594679
0.388889 7.44444 0.598883
0.388889 7.5 0.606023
0.388889 7.55556 0.618988
0.388889 7.61111 0.645162
0.388889 7.66667 0.706601
0.388889 7.72222 0.830602

0.444444 0 0.533432
0.444444 0.0555556 -1.79769e+308
0.444444 0.111111 -1.79769e+308
0.444444 0.166667 -1.79769e+308
0.444444 0.222222 -1.79769e+308
0.444444 0.277778 -1.79769e+308
0.444444 0.333333 -1.79769e+308
0.444444 0.388889 -1.79769e+308
0.444444 0.444444 -1.79769e+308
0.444444 0.5 -1.79769e+308
0.444444 0.555556 -1.79769e+308
0.444444 0.611111 -1.79769e+308
0.444444 0.666667 -1.79769e+308
0.444444 0.722222 -1.79769e+308
0.444444 0.777778 -1.79769e+308
0.444444 0.833333 -1.79769e+308
0.444444 0.888889 -1.79769e+308
0.444444 0.944444 -1.79769e+308
0.444444 1 -1.79769e+308
0.444444 1.05556 -1.79769e+308
0.444444 1.11111 -1.79769e+308
0.444444 1.16667 -1.79769e+308
0.444444 1.22222 -1.79769e+308
0.444444 1.27778 -1.79769e+308
0.444444 1.33333 -1.79769e+308
0.444444 1.38889 -1.79769e+308
0.444444 1.44444 -1.79769e+308
0.444444 1.5 -1.79769e+308
0.444444 1.55556 -1.79769e+308
0.444444 1.61111 -1.79769e+308
0.444444 1.66667 -1.79769e+308
0.444444 1.72222 -1.79769e+308
0.444444 1.77778 -1.79769e+308
0.444444 1.83333 -1.79769e+308
0.444444 1.88889 -1.79769e+308
0.444444 1.94444 -1.79769e+308
0.444444 2 -1.79769e+308
0.444444 2.05556 -1.79769e+308
0.444444 2.11111 -1.79769e+308
0.444444 2.16667 -1.79769e+308
0.444444 2.22222 -1.79769e+308
0.444444 2.27778 -1.79769e+308
0.444444 2.33333 -1.79769e+308
0.444444 2.38889 -1.79769e+308
0.444444 2.44444 -1.79769e+308
0.444444 2.5 -1.79769e+308
0.444444 2.55556 -1.79769e+308
0.444444 2.61111 -1.79769e+308
0.444444 2.66667 -1.79769e+308
0.444444 2.72222 -1.79769e+308
0.444444 2.77778 -1.79769e+308
0.444444 2.83333 -1.79769e+308
0.444444 2.88889 -1.79769e+308
0.444444 2.94444 -1.79769e+308
0.444444 3 -1.79769e+308
0.444444 3.05556 -1.79769e+308
0.444444 3.11111 -1.79769e+308
0.444444 3.16667 -1.79769e+308
0.444444 3.22222 -1.79769e+308
0.444444 3.27778 -1.79769e+308
0.444444 3.33333 -1.79769e+308
0.444444 3.38889 -1.79769e+308
0.444444 3.44444 -1.79769e+308
0.444444 3.5 -1.79769e+308
0.444444 3.55556 -1.79769e+308
0.444444 3.61111 -1.79769e+308
0.444444 3.66667 -1.79769e+308
0.444444 3.72222 -1.79769e+308
0.444444 3.77778 0.506043
0.444444 3.83333 0.506043
0.444444 3.88889 0.509219
0.444444 3.94444 0.512347
0.444444 4 0.515009
0.444444 4.05556 0.51724
0.444444 4.11111 0.51912
0.444444 4.16667 0.520713
0.444444 4.22222 0.522066
0.444444 4.27778 0.523217
0.444444 4.33333 0.524195
0.444444 4.38889 0.525025
0.444444 4.44444 0.525729
0.444444 4.5 0.526323
0.444444 4.55556 0.526824
0.444444 4.61111 0.527247
0.444444 4.66667 0.527601
0.444444 4.72222 0.527899
0.444444 4.77778 0.528149
0.444444 4.83333 0.528358
0.444444 4.88889 0.528533
0.444444 4.94444 0.528679
0.444444 5 0.528801
0.444444 5.05556 0.528902
0.444444 5.11111 0.528987
0.444444 5.16667 0.529057
0.444444 5.22222 0.529116
0.444444 5.27778 0.529165
0.444444 5.33333 0.529205
0.444444 5.38889 0.529239
0.444444 5.44444 0.529266
0.444444 5.5 0.529289
0.444444 5.55556 0.529307
0.444444 5.61111 0.529322
0.444444 5.66667 0.529334
0.444444 5.72222 0.529343
0.444444 5.77778 0.52935
0.444444 5.83333 0.529355
0.444444 5.88889 0.529358
0.444444 5.94444 0.529359
0.444444 6 0.529359
0.444444 6.05556 0.529356
0.444444 6.11111 0.529352
0.444444 6.16667 0.529346
0.444444 6.22222 0.529337
0.444444 6.27778 0.529327
0.444444 6.33333 0.529313
0.444444 6.38889 0.529297
0.444444 6.44444 0.529277
0.444444 6.5 0.529253
0.444444 6.55556 0.529224
0.444444 6.61111 0.529191
0.444444 6.66667 0.529151
0.444444 6.72222 0.529106
0.444444 6.77778 0.529053
0.444444 6.83333 0.528994
0.444444 6.88889 0.528927
0.444444 6.94444 0.528854
0.444444 7 0.528777
0.444444 7.05556 0.5287
0.444444 7.11111 0.528627
0.444444 7.16667 0.528569
0.444444 7.22222 0.528541
0.444444 7.27778 0.528566
0.444444 7.33333 0.528681
0.444444 7.38889 0.528942
0.444444 7.44444 0.529435
0.444444 7.5 0.530291
0.444444 7.55556 0.531659
0.444444 7.61111 0.533432
0.444444 7.66667 0.533432
0.444444 7.72222 -1.79769e+308

0.5 0 0.376737
0.5 0.0555556 0.220041
0.5 0.111111 0.170666
0.5 0.166667 0.134872
0.5 0.222222 0.107694
0.5 0.277778 0.0865136
0.5 0.333333 0.0697553
0.5 0.388889 0.0563733
0.5 0.444444 0.0456262
0.5 0.5 0.0369636
0.5 0.555556 0.0299647
0.5 0.611111 0.0243014
0.5 0.666667 0.0197141
0.5 0.722222 0.0159959
0.5 0.777778 0.0129809
0.5 0.833333 0.0105355
0.5 0.888889 0.00855175
0.5 0.944444 0.00694238
0.5 1 0.00563679
0.5 1.05556 0.00457775
0.5 1.11111 0.00371887
0.5 1.16667 0.00302259
0.5 1.22222 0.00245844
0.5 1.27778 0.00200174
0.5 1.33333 0.00163255
0.5 1.38889 0.0013347
0.5 1.44444 0.00109519
0.5 1.5 0.000903546
0.5 1.55556 0.00075139
0.5 1.61111 0.000632073
0.5 1.66667 0.000540379
0.5 1.72222 0.000472301
0.5 1.77778 0.000424864
0.5 1.83333 0.000395994
0.5 1.88889 0.00038443
0.5 1.94444 0.000389665
0.5 2 0.00041193
0.5 2.05556 0.000452197
0.5 2.11111 0.000512227
0.5 2.16667 0.000594641
0.5 2.22222 0.000703044
0.5 2.27778 0.000842172
0.5 2.33333 0.00101811
0.5 2.38889 0.00123854
0.5 2.44444 0.0015131
0.5 2.5 0.00185379
0.5 2.55556 0.00227551
0.5 2.61111 0.0027967
0.5 2.66667 0.00344014
0.5 2.72222 0.00423398
0.5 2.77778 0.00521295
0.5 2.83333 0.00641992
0.5 2.88889 0.00790778
0.5 2.94444 0.0097418
0.5 3 0.0120026
0.5 3.05556 0.0147899
0.5 3.11111 0.0182271
0.5 3.16667 0.0224675
0.5 3.22222 0.0277017
0.5 3.27778 0.0341689
0.5 3.33333 0.042171
0.5 3.38889 0.0520937
0.5 3.44444 0.0644398
0.5 3.5 0.0798828
0.5 3.55556 0.0993644
0.5 3.61111 0.124288
0.5 3.66667 0.156948
0.5 3.72222 0.201618
0.5 3.77778 0.330715
0.5 3.83333 0.393765
0.5 3.88889 0.42171
0.5 3.94444 0.436537
0.5 4 0.445521
0.5 4.05556 0.451483
0.5 4.11111 0.45569
0.5 4.16667 0.458786
0.5 4.22222 0.461132
0.5 4.27778 0.46295
0.5 4.33333 0.46438
0.5 4.38889 0.465518
0.5 4.44444 0.466433
0.5 4.5 0.467173
0.5 4.55556 0.467775
0.5 4.61111 0.468266
0.5 4.66667 0.468669
0.5 4.72222 0.469001
0.5 4.77778 0.469273
0.5 4.83333 0.469498
0.5 4.88889 0.469684
0.5 4.94444 0.469838
0.5 5 0.469965
0.5 5.05556 0.47007
0.5 5.11111 0.470158
0.5 5.16667 0.47023
0.5 5.22222 0.47029
0.5 5.27778 0.470339
0.5 5.33333 0.47038
0.5 5.38889 0.470414
0.5 5.44444 0.470442
0.5 5.5 0.470465
0.5 5.55556 0.470483
0.5 5.61111 0.470498
0.5 5.66667 0.47051
0.5 5.72222 0.47052
0.5 5.77778 0.470527
0.5 5.83333 0.470531
0.5 5.88889 0.470534
0.5 5.94444 0.470535
0.5 6 0.470534
0.5 6.05556 0.470532
0.5 6.11111 0.470527
0.5 6.16667 0.47052
0.5 6.22222 0.470511
0.5 6.27778 0.470499
0.5 6.33333 0.470484
0.5 6.38889 0.470465
0.5 6.44444 0.470441
0.5 6.5 0.470411
0.5 6.55556 0.470375
0.5 6.61111 0.47033
0.5 6.66667 0.470274
0.5 6.72222 0.470205
0.5 6.77778 0.470118
0.5 6.83333 0.470009
0.5 6.88889 0.469871
0.5 6.94444 0.469695
0.5 7 0.469469
0.5 7.05556 0.469173
0.5 7.11111 0.468784
0.5 7.16667 0.468261
0.5 7.22222 0.467546
0.5 7.27778 0.466548
0.5 7.33333 0.465112
0.5 7.38889 0.462972
0.5 7.44444 0.459625
0.5 7.5 0.454047
0.5 7.55556 0.443925
0.5 7.61111 0.423475
0.5 7.66667 0.376737
0.5 7.72222 0.220041

0.555556 0 0.294097
0.555556 0.0555556 0.220041
0.555556 0.111111 0.170666
0.555556 0.166667 0.134872
0.555556 0.222222 0.107694
0.555556 0.277778 0.0865136
0.555556 0.333333 0.0697553
0.555556 0.388889 0.0563733
0.555556 0.444444 0.0456262
0.555556 0.5 0.0369636
0.555556 0.555556 0.0299647
0.555556 0.611111 0.0243014
0.555556 0.666667 0.0197141
0.555556 0.722222 0.0159959
0.555556 0.777778 0.0129809
0.555556 0.833333 0.0105355
0.555556 0.888889 0.00855175
0.555556 0.944444 0.00694238
0.555556 1 0.00563679
0.555556 1.05556 0.00457774
0.555556 1.11111 0.00371887
0.555556 1.16667 0.00302259
0.555556 1.22222 0.00245843
0.555556 1.27778 0.00200174
0.555556 1.33333 0.00163254
0.555556 1.38889 0.0013347
0.555556 1.44444 0.00109519
0.555556 1.5 0.000903545
0.555556 1.55556 0.00075139
0.555556 1.61111 0.000632072
0.555556 1.66667 0.000540378
0.555556 1.72222 0.0004723
0.555556 1.77778 0.000424863
0.555556 1.83333 0.000395993
0.555556 1.88889 0.000384429
0.555556 1.94444 0.000389665
0.555556 2 0.00041193
0.555556 2.05556 0.000452197
0.555556 2.11111 0.000512226
0.555556 2.16667 0.000594641
0.555556 2.22222 0.000703043
0.555556 2.27778 0.000842171
0.555556 2.33333 0.00101811
0.555556 2.38889 0.00123854
0.555556 2.44444 0.0015131
0.555556 2.5 0.00185379
0.555556 2.55556 0.00227551
0.555556 2.61111 0.0027967
0.555556 2.66667 0.00344014
0.555556 2.72222 0.00423398
0.555556 2.77778 0.00521295
0.555556 2.83333 0.00641992
0.555556 2.88889 0.00790778
0.555556 2.94444 0.0097418
0.555556 3 0.0120026
0.555556 3.05556 0.0147899
0.555556 3.11111 0.0182271
0.555556 3.16667 0.0224675
0.555556 3.22222 0.0277017
0.555556 3.27778 0.0341689
0.555556 3.33333 0.042171
0.555556 3.38889 0.0520937
0.555556 3.44444 0.0644398
0.555556 3.5 0.0798828
0.555556 3.55556 0.0993644
0.555556 3.61111 0.124288
0.555556 3.66667 0.156948
0.555556 3.72222 0.201618
0.555556 3.77778 0.267665
0.555556 3.83333 0.316592
0.555556 3.88889 0.347317
0.555556 3.94444 0.366569
0.555556 4 0.379056
0.555556 4.05556 0.387482
0.555556 4.11111 0.393371
0.555556 4.16667 0.397607
0.555556 4.22222 0.400728
0.555556 4.27778 0.40307
0.555556 4.33333 0.404855
0.555556 4.38889 0.406235
0.555556 4.44444 0.407312
0.555556 4.5 0.408161
0.555556 4.55556 0.408835
0.555556 4.61111 0.409375
0.555556 4.66667 0.409809
0.555556 4.72222 0.41016
0.555556 4.77778 0.410445
0.555556 4.83333 0.410678
0.555556 4.88889 0.410868
0.555556 4.94444 0.411023
0.555556 5 0.411151
0.555556 5.05556 0.411257
0.555556 5.11111 0.411343
0.555556 5.16667 0.411415
0.555556 5.22222 0.411474
0.555556 5.27778 0.411522
0.555556 5.33333 0.411563
0.555556 5.38889 0.411596
0.555556 5.44444 0.411623
0.555556 5.5 0.411645
0.555556 5.55556 0.411663
0.555556 5.61111 0.411678
0.555556 5.66667 0.411689
0.555556 5.72222 0.411698
0.555556 5.77778 0.411705
0.555556 5.83333 0.41171
0.555556 5.88889 0.411712
0.555556 5.94444 0.411713
0.555556 6 0.411712
0.555556 6.05556 0.411709
0.555556 6.11111 0.411704
0.555556 6.16667 0.411697
0.555556 6.22222 0.411687
0.555556 6.27778 0.411675
0.555556 6.33333 0.411658
0.555556 6.38889 0.411637
0.555556 6.44444 0.411611
0.555556 6.5 0.411577
0.555556 6.55556 0.411534
0.555556 6.61111 0.41148
0.555556 6.66667 0.411411
0.555556 6.72222 0.411321
0.555556 6.77778 0.411205
0.555556 6.83333 0.411054
0.555556 6.88889 0.410854
0.555556 6.94444 0.410587
0.555556 7 0.410229
0.555556 7.05556 0.409742
0.555556 7.11111 0.409073
0.555556 7.16667 0.408144
0.555556 7.22222 0.406835
0.555556 7.27778 0.404966
0.555556 7.33333 0.402247
0.555556 7.38889 0.398208
0.555556 7.44444 0.392047
0.555556 7.5 0.382347
0.555556 7.55556 0.366519
0.555556 7.61111 0.339808
0.555556 7.66667 0.294097
0.555556 7.72222 0.220041

0.611111 0 0.239804
0.611111 0.0555556 0.19536
0.611111 0.111111 0.157085
0.611111 0.166667 0.126256
0.611111 0.222222 0.101696
0.611111 0.277778 0.0820918
0.611111 0.333333 0.0663789
0.611111 0.388889 0.0537385
0.611111 0.444444 0.0435417
0.611111 0.5 0.0352999
0.611111 0.555556 0.0286292
0.611111 0.611111 0.0232253
0.611111 0.666667 0.0188449
0.611111 0.722222 0.0152927
0.611111 0.777778 0.0124114
0.611111 0.833333 0.0100739
0.611111 0.888889 0.00817734
0.611111 0.944444 0.00663861
0.611111 1 0.00539024
0.611111 1.05556 0.00437757
0.611111 1.11111 0.00355628
0.611111 1.16667 0.00289045
0.611111 1.22222 0.00235097
0.611111 1.27778 0.00191425
0.611111 1.33333 0.00156119
0.611111 1.38889 0.00127636
0.611111 1.44444 0.00104732
0.611111 1.5 0.000864055
0.611111 1.55556 0.000718549
0.611111 1.61111 0.000604447
0.611111 1.66667 0.00051676
0.611111 1.72222 0.000451658
0.611111 1.77778 0.000406294
0.611111 1.83333 0.000378686
0.611111 1.88889 0.000367627
0.611111 1.94444 0.000372634
0.611111 2 0.000393926
0.611111 2.05556 0.000432433
0.611111 2.11111 0.000489839
0.611111 2.16667 0.000568651
0.611111 2.22222 0.000672316
0.611111 2.27778 0.000805363
0.611111 2.33333 0.000973608
0.611111 2.38889 0.0011844
0.611111 2.44444 0.00144696
0.611111 2.5 0.00177276
0.611111 2.55556 0.00217605
0.611111 2.61111 0.00267444
0.611111 2.66667 0.00328974
0.611111 2.72222 0.00404884
0.611111 2.77778 0.00498495
0.611111 2.83333 0.00613903
0.611111 2.88889 0.00756161
0.611111 2.94444 0.009315
0.611111 3 0.0114761
0.611111 3.05556 0.01414
0.611111 3.11111 0.017424
0.611111 3.16667 0.0214735
0.611111 3.22222 0.0264688
0.611111 3.27778 0.0326341
0.611111 3.33333 0.0402503
0.611111 3.38889 0.0496703
0.611111 3.44444 0.0613429
0.611111 3.5 0.0758443
0.611111 3.55556 0.0939227
0.611111 3.61111 0.116551
0.611111 3.66667 0.144938
0.611111 3.72222 0.180241
0.611111 3.77778 0.221735
0.611111 3.83333 0.25762
0.611111 3.88889 0.2844
0.611111 3.94444 0.303366
0.611111 4 0.316652
0.611111 4.05556 0.326017
0.611111 4.11111 0.332704
0.611111 4.16667 0.337545
0.611111 4.22222 0.341101
0.611111 4.27778 0.343746
0.611111 4.33333 0.345738
0.611111 4.38889 0.347254
0.611111 4.44444 0.348419
0.611111 4.5 0.349324
0.611111 4.55556 0.350031
0.611111 4.61111 0.350589
0.611111 4.66667 0.351032
0.611111 4.72222 0.351386
0.611111 4.77778 0.35167
0.611111 4.83333 0.3519
0.611111 4.88889 0.352086
0.611111 4.94444 0.352237
0.611111 5 0.35236
0.611111 5.05556 0.352461
0.611111 5.11111 0.352544
0.611111 5.16667 0.352612
0.611111 5.22222 0.352668
0.611111 5.27778 0.352714
0.611111 5.33333 0.352752
0.611111 5.38889 0.352783
0.611111 5.44444 0.352809
0.611111 5.5 0.352829
0.611111 5.55556 0.352846
0.611111 5.61111 0.35286
0.611111 5.66667 0.352871
0.611111 5.72222 0.352879
0.611111 5.77778 0.352885
0.611111 5.83333 0.35289
0.611111 5.88889 0.352892
0.611111 5.94444 0.352893
0.611111 6 0.352892
0.611111 6.05556 0.352889
0.611111 6.11111 0.352884
0.611111 6.16667 0.352877
0.611111 6.22222 0.352867
0.611111 6.27778 0.352854
0.611111 6.33333 0.352837
0.611111 6.38889 0.352815
0.611111 6.44444 0.352787
0.611111 6.5 0.352752
0.611111 6.55556 0.352705
0.611111 6.61111 0.352645
0.611111 6.66667 0.352567
0.611111 6.72222 0.352464
0.611111 6.77778 0.352328
0.611111 6.83333 0.352147
0.611111 6.88889 0.351902
0.611111 6.94444 0.351571
0.611111 7 0.351117
0.611111 7.05556 0.350492
0.611111 7.11111 0.349623
0.611111 7.16667 0.348406
0.611111 7.22222 0.346686
0.611111 7.27778 0.344234
0.611111 7.33333 0.340703
0.611111 7.38889 0.335566
0.611111 7.44444 0.328008
0.611111 7.5 0.316775
0.611111 7.55556 0.299996
0.611111 7.61111 0.275139
0.611111 7.66667 0.239804
0.611111 7.72222 0.19536

0.666667 0 0.194618
0.666667 0.0555556 0.164512
0.666667 0.111111 0.136056
0.666667 0.166667 0.111372
0.666667 0.222222 0.0907419
0.666667 0.277778 0.0737786
0.666667 0.333333 0.05993
0.666667 0.388889 0.0486602
0.666667 0.444444 0.0395021
0.666667 0.5 0.0320649
0.666667 0.555556 0.026027
0.666667 0.611111 0.0211258
0.666667 0.666667 0.0171476
0.666667 0.722222 0.0139187
0.666667 0.777778 0.011298
0.666667 0.833333 0.00917118
0.666667 0.888889 0.00744514
0.666667 0.944444 0.00604448
0.666667 1 0.00490799
0.666667 1.05556 0.00398601
0.666667 1.11111 0.00323823
0.666667 1.16667 0.00263198
0.666667 1.22222 0.00214075
0.666667 1.27778 0.00174308
0.666667 1.33333 0.0014216
0.666667 1.38889 0.00116224
0.666667 1.44444 0.000953682
0.666667 1.5 0.000786801
0.666667 1.55556 0.000654305
0.666667 1.61111 0.000550404
0.666667 1.66667 0.000470558
0.666667 1.72222 0.000411276
0.666667 1.77778 0.000369968
0.666667 1.83333 0.000344828
0.666667 1.88889 0.000334758
0.666667 1.94444 0.000339318
0.666667 2 0.000358706
0.666667 2.05556 0.00039377
0.666667 2.11111 0.000446043
0.666667 2.16667 0.000517809
0.666667 2.22222 0.000612205
0.666667 2.27778 0.000733356
0.666667 2.33333 0.000886558
0.666667 2.38889 0.00107851
0.666667 2.44444 0.00131759
0.666667 2.5 0.00161425
0.666667 2.55556 0.00198147
0.666667 2.61111 0.00243528
0.666667 2.66667 0.00299553
0.666667 2.72222 0.0036867
0.666667 2.77778 0.00453899
0.666667 2.83333 0.00558965
0.666667 2.88889 0.00688461
0.666667 2.94444 0.00848046
0.666667 3 0.0104469
0.666667 3.05556 0.01287
0.666667 3.11111 0.0158555
0.666667 3.16667 0.0195338
0.666667 3.22222 0.0240656
0.666667 3.27778 0.0296486
0.666667 3.33333 0.0365256
0.666667 3.38889 0.0449944
0.666667 3.44444 0.0554172
0.666667 3.5 0.0682286
0.666667 3.55556 0.0839313
0.666667 3.61111 0.103055
0.666667 3.66667 0.126011
0.666667 3.72222 0.152675
0.666667 3.77778 0.181413
0.666667 3.83333 0.207753
0.666667 3.88889 0.229296
0.666667 3.94444 0.245843
0.666667 4 0.258168
0.666667 4.05556 0.267232
0.666667 4.11111 0.273881
0.666667 4.16667 0.27877
0.666667 4.22222 0.282385
0.666667 4.27778 0.285076
0.666667 4.33333 0.287095
0.666667 4.38889 0.288623
0.666667 4.44444 0.289787
0.666667 4.5 0.290683
0.666667 4.55556 0.291377
0.666667 4.61111 0.291918
0.666667 4.66667 0.292344
0.666667 4.72222 0.292681
0.666667 4.77778 0.29295
0.666667 4.83333 0.293165
0.666667 4.88889 0.293338
0.666667 4.94444 0.293478
0.666667 5 0.293592
0.666667 5.05556 0.293684
0.666667 5.11111 0.29376
0.666667 5.16667 0.293822
0.666667 5.22222 0.293872
0.666667 5.27778 0.293914
0.666667 5.33333 0.293948
0.666667 5.38889 0.293976
0.666667 5.44444 0.293999
0.666667 5.5 0.294018
0.666667 5.55556 0.294033
0.666667 5.61111 0.294045
0.666667 5.66667 0.294055
0.666667 5.72222 0.294062
0.666667 5.77778 0.294068
0.666667 5.83333 0.294072
0.666667 5.88889 0.294074
0.666667 5.94444 0.294074
0.666667 6 0.294073
0.666667 6.05556 0.29407
0.666667 6.11111 0.294066
0.666667 6.16667 0.294059
0.666667 6.22222 0.294049
0.666667 6.27778 0.294037
0.666667 6.33333 0.294021
0.666667 6.38889 0.294
0.666667 6.44444 0.293972
0.666667 6.5 0.293937
0.666667 6.55556 0.29389
0.666667 6.61111 0.293829
0.666667 6.66667 0.293748
0.666667 6.72222 0.293641
0.666667 6.77778 0.293497
0.666667 6.83333 0.293302
0.666667 6.88889 0.293038
0.666667 6.94444 0.292676
0.666667 7 0.292177
0.666667 7.05556 0.291486
0.666667 7.11111 0.290521
0.666667 7.16667 0.28917
0.666667 7.22222 0.287268
0.666667 7.27778 0.284579
0.666667 7.33333 0.280766
0.666667 7.38889 0.275346
0.666667 7.44444 0.267643
0.666667 7.5 0.256751
0.666667 7.55556 0.241549
0.666667 7.61111 0.220948
0.666667 7.66667 0.194618
0.666667 7.72222 0.164512

0.722222 0 0.15321
0.722222 0.0555556 0.132013
0.722222 0.111111 0.111256
0.722222 0.166667 0.0924333
0.722222 0.222222 0.0761212
0.722222 0.277778 0.0623508
0.722222 0.333333 0.0509023
0.722222 0.388889 0.0414702
0.722222 0.444444 0.0337417
0.722222 0.5 0.0274307
0.722222 0.555556 0.022288
0.722222 0.611111 0.0181032
0.722222 0.666667 0.0147009
0.722222 0.722222 0.0119363
0.722222 0.777778 0.00969094
0.722222 0.833333 0.00786769
0.722222 0.888889 0.00638756
0.722222 0.944444 0.00518618
0.722222 1 0.00421125
0.722222 1.05556 0.00342024
0.722222 1.11111 0.00277865
0.722222 1.16667 0.00225847
0.722222 1.22222 0.00183697
0.722222 1.27778 0.00149574
0.722222 1.33333 0.00121988
0.722222 1.38889 0.000997327
0.722222 1.44444 0.000818361
0.722222 1.5 0.000675159
0.722222 1.55556 0.000561464
0.722222 1.61111 0.000472306
0.722222 1.66667 0.00040379
0.722222 1.72222 0.00035292
0.722222 1.77778 0.000317473
0.722222 1.83333 0.0002959
0.722222 1.88889 0.000287259
0.722222 1.94444 0.000291171
0.722222 2 0.000307809
0.722222 2.05556 0.000337898
0.722222 2.11111 0.000382753
0.722222 2.16667 0.000444336
0.722222 2.22222 0.000525338
0.722222 2.27778 0.000629299
0.722222 2.33333 0.000760761
0.722222 2.38889 0.000925471
0.722222 2.44444 0.00113063
0.722222 2.5 0.00138519
0.722222 2.55556 0.00170029
0.722222 2.61111 0.00208969
0.722222 2.66667 0.0025704
0.722222 2.72222 0.00316342
0.722222 2.77778 0.00389465
0.722222 2.83333 0.00479598
0.722222 2.88889 0.00590673
0.722222 2.94444 0.00727528
0.722222 3 0.00896115
0.722222 3.05556 0.0110375
0.722222 3.11111 0.013594
0.722222 3.16667 0.0167406
0.722222 3.22222 0.0206114
0.722222 3.27778 0.025369
0.722222 3.33333 0.0312093
0.722222 3.38889 0.0383644
0.722222 3.44444 0.047103
0.722222 3.5 0.0577218
0.722222 3.55556 0.0705188
0.722222 3.61111 0.085727
0.722222 3.66667 0.103376
0.722222 3.72222 0.123037
0.722222 3.77778 0.143488
0.722222 3.83333 0.162683
0.722222 3.88889 0.179187
0.722222 3.94444 0.192543
0.722222 4 0.202945
0.722222 4.05556 0.210864
0.722222 4.11111 0.216817
0.722222 4.16667 0.221268
0.722222 4.22222 0.224592
0.722222 4.27778 0.227078
0.722222 4.33333 0.228945
0.722222 4.38889 0.230355
0.722222 4.44444 0.231425
0.722222 4.5 0.232244
0.722222 4.55556 0.232874
0.722222 4.61111 0.233363
0.722222 4.66667 0.233745
0.722222 4.72222 0.234045
0.722222 4.77778 0.234283
0.722222 4.83333 0.234472
0.722222 4.88889 0.234624
0.722222 4.94444 0.234746
0.722222 5 0.234844
0.722222 5.05556 0.234924
0.722222 5.11111 0.234989
0.722222 5.16667 0.235042
0.722222 5.22222 0.235086
0.722222 5.27778 0.235121
0.722222 5.33333 0.23515
0.722222 5.38889 0.235174
0.722222 5.44444 0.235194
0.722222 5.5 0.235209
0.722222 5.55556 0.235222
0.722222 5.61111 0.235233
0.722222 5.66667 0.235241
0.722222 5.72222 0.235247
0.722222 5.77778 0.235252
0.722222 5.83333 0.235255
0.722222 5.88889 0.235257
0.722222 5.94444 0.235257
0.722222 6 0.235256
0.722222 6.05556 0.235254
0.722222 6.11111 0.235249
0.722222 6.16667 0.235243
0.722222 6.22222 0.235235
0.722222 6.27778 0.235224
0.722222 6.33333 0.235209
0.722222 6.38889 0.23519
0.722222 6.44444 0.235165
0.722222 6.5 0.235132
0.722222 6.55556 0.235089
0.722222 6.61111 0.235032
0.722222 6.66667 0.234956
0.722222 6.72222 0.234854
0.722222 6.77778 0.234716
0.722222 6.83333 0.234528
0.722222 6.88889 0.234272
0.722222 6.94444 0.233918
0.722222 7 0.23343
0.722222 7.05556 0.232752
0.722222 7.11111 0.231807
0.722222 7.16667 0.230486
0.722222 7.22222 0.228637
0.722222 7.27778 0.22605
0.722222 7.33333 0.222435
0.722222 7.38889 0.217407
0.722222 7.44444 0.210469
0.722222 7.5 0.201034
0.722222 7.55556 0.188503
0.722222 7.61111 0.172486
0.722222 7.66667 0.15321
0.722222 7.72222 0.132013

0.777778 0 0.113721
0.777778 0.0555556 0.0990752
0.777778 0.111111 0.0845218
0.777778 0.166667 0.0709841
0.777778 0.222222 0.0589588
0.777778 0.277778 0.048601
0.777778 0.333333 0.0398584
0.777778 0.388889 0.0325765
0.777778 0.444444 0.0265639
0.777778 0.5 0.021628
0.777778 0.555556 0.0175912
0.777778 0.611111 0.0142982
0.777778 0.666667 0.0116164
0.777778 0.722222 0.00943489
0.777778 0.777778 0.00766166
0.777778 0.833333 0.00622109
0.777778 0.888889 0.00505121
0.777778 0.944444 0.00410144
0.777778 1 0.00333056
0.777778 1.05556 0.00270506
0.777778 1.11111 0.00219767
0.777778 1.16667 0.00178627
0.777778 1.22222 0.00145291
0.777778 1.27778 0.00118303
0.777778 1.33333 0.000964847
0.777778 1.38889 0.000788825
0.777778 1.44444 0.000647275
0.777778 1.5 0.000534011
0.777778 1.55556 0.000444085
0.777778 1.61111 0.000373567
0.777778 1.66667 0.000319374
0.777778 1.72222 0.000279139
0.777778 1.77778 0.000251103
0.777778 1.83333 0.00023404
0.777778 1.88889 0.000227205
0.777778 1.94444 0.0002303
0.777778 2 0.000243459
0.777778 2.05556 0.000267257
0.777778 2.11111 0.000302736
0.777778 2.16667 0.000351444
0.777778 2.22222 0.000415512
0.777778 2.27778 0.000497738
0.777778 2.33333 0.000601717
0.777778 2.38889 0.000731991
0.777778 2.44444 0.000894254
0.777778 2.5 0.0010956
0.777778 2.55556 0.00134481
0.777778 2.61111 0.00165279
0.777778 2.66667 0.00203297
0.777778 2.72222 0.00250195
0.777778 2.77778 0.00308019
0.777778 2.83333 0.00379288
0.777778 2.88889 0.00467104
0.777778 2.94444 0.00575278
0.777778 3 0.00708491
0.777778 3.05556 0.00872479
0.777778 3.11111 0.0107425
0.777778 3.16667 0.0132233
0.777778 3.22222 0.0162703
0.777778 3.27778 0.0200068
0.777778 3.33333 0.024578
0.777778 3.38889 0.0301508
0.777778 3.44444 0.0369085
0.777778 3.5 0.0450369
0.777778 3.55556 0.054695
0.777778 3.61111 0.0659584
0.777778 3.66667 0.0787281
0.777778 3.72222 0.0926086
0.777778 3.77778 0.106818
0.777778 3.83333 0.120303
0.777778 3.88889 0.132226
0.777778 3.94444 0.142198
0.777778 4 0.150205
0.777778 4.05556 0.15646
0.777778 4.11111 0.161256
0.777778 4.16667 0.164894
0.777778 4.22222 0.167636
0.777778 4.27778 0.169699
0.777778 4.33333 0.171253
0.777778 4.38889 0.172425
0.777778 4.44444 0.173315
0.777778 4.5 0.173993
0.777778 4.55556 0.174513
0.777778 4.61111 0.174915
0.777778 4.66667 0.175227
0.777778 4.72222 0.175472
0.777778 4.77778 0.175664
0.777778 4.83333 0.175817
0.777778 4.88889 0.175939
0.777778 4.94444 0.176036
0.777778 5 0.176115
0.777778 5.05556 0.176179
0.777778 5.11111 0.17623
0.777778 5.16667 0.176272
0.777778 5.22222 0.176307
0.777778 5.27778 0.176335
0.777778 5.33333 0.176358
0.777778 5.38889 0.176376
0.777778 5.44444 0.176392
0.777778 5.5 0.176404
0.777778 5.55556 0.176414
0.777778 5.61111 0.176423
0.777778 5.66667 0.176429
0.777778 5.72222 0.176434
0.777778 5.77778 0.176438
0.777778 5.83333 0.17644
0.777778 5.88889 0.176441
0.777778 5.94444 0.176442
0.777778 6 0.176441
0.777778 6.05556 0.176439
0.777778 6.11111 0.176435
0.777778 6.16667 0.17643
0.777778 6.22222 0.176424
0.777778 6.27778 0.176414
0.777778 6.33333 0.176402
0.777778 6.38889 0.176387
0.777778 6.44444 0.176366
0.777778 6.5 0.176339
0.777778 6.55556 0.176302
0.777778 6.61111 0.176254
0.777778 6.66667 0.17619
0.777778 6.72222 0.176103
0.777778 6.77778 0.175984
0.777778 6.83333 0.175823
0.777778 6.88889 0.175602
0.777778 6.94444 0.175296
0.777778 7 0.174873
0.777778 7.05556 0.174285
0.777778 7.11111 0.173468
0.777778 7.16667 0.172329
0.777778 7.22222 0.170745
0.777778 7.27778 0.168548
0.777778 7.33333 0.165519
0.777778 7.38889 0.161377
0.777778 7.44444 0.155793
0.777778 7.5 0.148414
0.777778 7.55556 0.138943
0.777778 7.61111 0.127283
0.777778 7.66667 0.113721
0.777778 7.72222 0.0990752

0.833333 0 0.0753165
0.833333 0.0555556 0.0660448
0.833333 0.111111 0.0567717
0.833333 0.166667 0.0480224
0.833333 0.222222 0.0401289
0.833333 0.277778 0.033236
0.833333 0.333333 0.0273537
0.833333 0.388889 0.0224134
0.833333 0.444444 0.0183096
0.833333 0.5 0.0149261
0.833333 0.555556 0.0121507
0.833333 0.611111 0.00988193
0.833333 0.666667 0.00803168
0.833333 0.722222 0.00652513
0.833333 0.777778 0.00529974
0.833333 0.833333 0.0043038
0.833333 0.888889 0.00349475
0.833333 0.944444 0.0028378
0.833333 1 0.00230451
0.833333 1.05556 0.00187175
0.833333 1.11111 0.00152069
0.833333 1.16667 0.00123604
0.833333 1.22222 0.00100537
0.833333 1.27778 0.000818628
0.833333 1.33333 0.000667652
0.833333 1.38889 0.00054585
0.833333 1.44444 0.000447901
0.833333 1.5 0.000369525
0.833333 1.55556 0.000307298
0.833333 1.61111 0.000258501
0.833333 1.66667 0.000221001
0.833333 1.72222 0.000193159
0.833333 1.77778 0.000173758
0.833333 1.83333 0.000161951
0.833333 1.88889 0.000157222
0.833333 1.94444 0.000159363
0.833333 2 0.000168469
0.833333 2.05556 0.000184937
0.833333 2.11111 0.000209487
0.833333 2.16667 0.000243193
0.833333 2.22222 0.000287526
0.833333 2.27778 0.000344425
0.833333 2.33333 0.000416376
0.833333 2.38889 0.000506522
0.833333 2.44444 0.000618804
0.833333 2.5 0.000758125
0.833333 2.55556 0.000930572
0.833333 2.61111 0.00114367
0.833333 2.66667 0.00140673
0.833333 2.72222 0.00173122
0.833333 2.77778 0.00213129
0.833333 2.83333 0.00262433
0.833333 2.88889 0.00323176
0.833333 2.94444 0.00397988
0.833333 3 0.00490091
0.833333 3.05556 0.00603426
0.833333 3.11111 0.00742788
0.833333 3.16667 0.00913982
0.833333 3.22222 0.0112397
0.833333 3.27778 0.0138098
0.833333 3.33333 0.0169453
0.833333 3.38889 0.0207525
0.833333 3.44444 0.0253432
0.833333 3.5 0.0308224
0.833333 3.55556 0.0372658
0.833333 3.61111 0.0446836
0.833333 3.66667 0.0529696
0.833333 3.72222 0.0618512
0.833333 3.77778 0.0708742
0.833333 3.83333 0.0794848
0.833333 3.88889 0.0872184
0.833333 3.94444 0.0938152
0.833333 4 0.099219
0.833333 4.05556 0.103514
0.833333 4.11111 0.106854
0.833333 4.16667 0.109415
0.833333 4.22222 0.11136
0.833333 4.27778 0.112831
0.833333 4.33333 0.113941
0.833333 4.38889 0.11478
0.833333 4.44444 0.115416
0.833333 4.5 0.1159
0.833333 4.55556 0.11627
0.833333 4.61111 0.116556
0.833333 4.66667 0.116777
0.833333 4.72222 0.11695
0.833333 4.77778 0.117086
0.833333 4.83333 0.117193
0.833333 4.88889 0.117278
0.833333 4.94444 0.117346
0.833333 5 0.117401
0.833333 5.05556 0.117445
0.833333 5.11111 0.117481
0.833333 5.16667 0.11751
0.833333 5.22222 0.117534
0.833333 5.27778 0.117554
0.833333 5.33333 0.117569
0.833333 5.38889 0.117582
0.833333 5.44444 0.117593
0.833333 5.5 0.117602
0.833333 5.55556 0.117608
0.833333 5.61111 0.117614
0.833333 5.66667 0.117618
0.833333 5.72222 0.117622
0.833333 5.77778 0.117624
0.833333 5.83333 0.117626
0.833333 5.88889 0.117627
0.833333 5.94444 0.117627
0.833333 6 0.117626
0.833333 6.05556 0.117625
0.833333 6.11111 0.117623
0.833333 6.16667 0.117619
0.833333 6.22222 0.117614
0.833333 6.27778 0.117608
0.833333 6.33333 0.117599
0.833333 6.38889 0.117588
0.833333 6.44444 0.117573
0.833333 6.5 0.117554
0.833333 6.55556 0.117528
0.833333 6.61111 0.117493
0.833333 6.66667 0.117446
0.833333 6.72222 0.117382
0.833333 6.77778 0.117296
0.833333 6.83333 0.117178
0.833333 6.88889 0.117015
0.833333 6.94444 0.116791
0.833333 7 0.11648
0.833333 7.05556 0.116049
0.833333 7.11111 0.115449
0.833333 7.16667 0.114617
0.833333 7.22222 0.113466
0.833333 7.27778 0.11188
0.833333 7.33333 0.109713
0.833333 7.38889 0.10679
0.833333 7.44444 0.102911
0.833333 7.5 0.0978841
0.833333 7.55556 0.0915745
0.833333 7.61111 0.0839803
0.833333 7.66667 0.0753165
0.833333 7.72222 0.0660448

0.888889 0 0.0375199
0.888889 0.0555556 0.0330157
0.888889 0.111111 0.028498
0.888889 0.166667 0.0242047
0.888889 0.222222 0.0202985
0.888889 0.277778 0.0168604
0.888889 0.333333 0.013907
0.888889 0.388889 0.0114138
0.888889 0.444444 0.00933487
0.888889 0.5 0.00761611
0.888889 0.555556 0.00620349
0.888889 0.611111 0.00504717
0.888889 0.666667 0.00410326
0.888889 0.722222 0.00333419
0.888889 0.777778 0.00270838
0.888889 0.833333 0.0021996
0.888889 0.888889 0.00178621
0.888889 0.944444 0.00145049
0.888889 1 0.00117794
0.888889 1.05556 0.000956752
0.888889 1.11111 0.000777316
0.888889 1.16667 0.000631816
0.888889 1.22222 0.000513911
0.888889 1.27778 0.000418455
0.888889 1.33333 0.000341282
0.888889 1.38889 0.000279021
0.888889 1.44444 0.000228953
0.888889 1.5 0.00018889
0.888889 1.55556 0.000157082
0.888889 1.61111 0.000132138
0.888889 1.66667 0.000112969
0.888889 1.72222 9.8737e-05
0.888889 1.77778 8.882e-05
0.888889 1.83333 8.27846e-05
0.888889 1.88889 8.0367e-05
0.888889 1.94444 8.14616e-05
0.888889 2 8.61162e-05
0.888889 2.05556 9.45342e-05
0.888889 2.11111 0.000107084
0.888889 2.16667 0.000124313
0.888889 2.22222 0.000146975
0.888889 2.27778 0.00017606
0.888889 2.33333 0.000212838
0.888889 2.38889 0.000258918
0.888889 2.44444 0.000316313
0.888889 2.5 0.000387528
0.888889 2.55556 0.000475676
0.888889 2.61111 0.000584603
0.888889 2.66667 0.000719064
0.888889 2.72222 0.000884921
0.888889 2.77778 0.0010894
0.888889 2.83333 0.00134138
0.888889 2.88889 0.00165181
0.888889 2.94444 0.00203407
0.888889 3 0.00250461
0.888889 3.05556 0.00308345
0.888889 3.11111 0.00379493
0.888889 3.16667 0.00466841
0.888889 3.22222 0.00573887
0.888889 3.27778 0.00704737
0.888889 3.33333 0.00864083
0.888889 3.38889 0.0105707
0.888889 3.44444 0.0128893
0.888889 3.5 0.0156435
0.888889 3.55556 0.0188624
0.888889 3.61111 0.0225404
0.888889 3.66667 0.0266156
0.888889 3.72222 0.0309523
0.888889 3.77778 0.0353425
0.888889 3.83333 0.0395436
0.888889 3.88889 0.043347
0.888889 3.94444 0.046626
0.888889 4 0.0493417
0.888889 4.05556 0.0515218
0.888889 4.11111 0.0532318
0.888889 4.16667 0.0545512
0.888889 4.22222 0.0555584
0.888889 4.27778 0.0563222
0.888889 4.33333 0.0569
0.888889 4.38889 0.057337
0.888889 4.44444 0.0576682
0.888889 4.5 0.0579202
0.888889 4.55556 0.0581129
0.888889 4.61111 0.0582612
0.888889 4.66667 0.0583759
0.888889 4.72222 0.0584653
0.888889 4.77778 0.0585354
0.888889 4.83333 0.0585907
0.888889 4.88889 0.0586347
0.888889 4.94444 0.0586697
0.888889 5 0.0586979
0.888889 5.05556 0.0587206
0.888889 5.11111 0.0587389
0.888889 5.16667 0.0587538
0.888889 5.22222 0.058766
0.888889 5.27778 0.0587759
0.888889 5.33333 0.058784
0.888889 5.38889 0.0587906
0.888889 5.44444 0.0587959
0.888889 5.5 0.0588003
0.888889 5.55556 0.0588039
0.888889 5.61111 0.0588067
0.888889 5.66667 0.058809
0.888889 5.72222 0.0588107
0.888889 5.77778 0.058812
0.888889 5.83333 0.0588128
0.888889 5.88889 0.0588133
0.888889 5.94444 0.0588133
0.888889 6 0.058813
0.888889 6.05556 0.0588122
0.888889 6.11111 0.058811
0.888889 6.16667 0.0588092
0.888889 6.22222 0.0588067
0.888889 6.27778 0.0588034
0.888889 6.33333 0.058799
0.888889 6.38889 0.0587931
0.888889 6.44444 0.0587854
0.888889 6.5 0.0587751
0.888889 6.55556 0.0587614
0.888889 6.61111 0.0587431
0.888889 6.66667 0.0587185
0.888889 6.72222 0.0586851
0.888889 6.77778 0.0586396
0.888889 6.83333 0.0585772
0.888889 6.88889 0.0584913
0.888889 6.94444 0.0583727
0.888889 7 0.0582083
0.888889 7.05556 0.0579802
0.888889 7.11111 0.0576638
0.888889 7.16667 0.0572255
0.888889 7.22222 0.0566207
0.888889 7.27778 0.0557916
0.888889 7.33333 0.0546658
0.888889 7.38889 0.0531581
0.888889 7.44444 0.0511766
0.888889 7.5 0.0486377
0.888889 7.55556 0.0454899
0.888889 7.61111 0.0417475
0.888889 7.66667 0.0375199
0.888889 7.72222 0.0330157

0.944444 0 0
0.944444 0.0555556 0
0.944444 0.111111 0
0.944444 0.166667 0
0.944444 0.222222 0
0.944444 0.277778 0
0.944444 0.333333 0
0.944444 0.388889 0
0.944444 0.444444 0
0.944444 0.5 0
0.944444 0.555556 0
0.944444 0.611111 0
0.944444 0.666667 0
0.944444 0.722222 0
0.944444 0.777778 0
0.944444 0.833333 0
0.944444 0.888889 0
0.944444 0.944444 0
0.944444 1 0
0.944444 1.05556 0
0.944444 1.11111 0
0.944444 1.16667 0
0.944444 1.22222 0
0.944444 1.27778 0
0.944444 1.33333 0
0.944444 1.38889 0
0.944444 1.44444 0
0.944444 1.5 0
0.944444 1.55556 0
0.944444 1.61111 0
0.944444 1.66667 0
0.944444 1.72222 0
0.944444 1.77778 0
0.944444 1.83333 0
0.944444 1.88889 0
0.944444 1.94444 0
0.944444 2 0
0.944444 2.05556 0
0.944444 2.11111 0
0.944444 2.16667 0
0.944444 2.22222 0
0.944444 2.27778 0
0.944444 2.33333 0
0.944444 2.38889 0
0.944444 2.44444 0
0.944444 2.5 0
0.944444 2.55556 0
0.944444 2.61111 0
0.944444 2.66667 0
0.944444 2.72222 0
0.944444 2.77778 0
0.944444 2.83333 0
0.944444 2.88889 0
0.944444 2.94444 0
0.944444 3 0
0.944444 3.05556 0
0.944444 3.11111 0
0.944444 3.16667 0
0.944444 3.22222 0
0.944444 3.27778 0
0.944444 3.33333 0
0.944444 3.38889 0
0.944444 3.44444 0
0.944444 3.5 0
0.944444 3.55556 0
0.944444 3.61111 0
0.944444 3.66667 0
0.944444 3.72222 0
0.944444 3.77778 0
0.944444 3.83333 0
0.944444 3.88889 0
0.944444 3.94444 0
0.944444 4 0
0.944444 4.05556 0
0.944444 4.11111 0
0.944444 4.16667 0
0.944444 4.22222 0
0.944444 4.27778 0
0.944444 4.33333 0
0.944444 4.38889 0
0.944444 4.44444 0
0.944444 4.5 0
0.944444 4.55556 0
0.944444 4.61111 0
0.944444 4.66667 0
0.944444 4.72222 0
0.944444 4.77778 0
0.944444 4.83333 0
0.944444 4.88889 0
0.944444 4.94444 0
0.944444 5 0
0.944444 5.05556 0
0.944444 5.11111 0
0.944444 5.16667 0
0.944444 5.22222 0
0.944444 5.27778 0
0.944444 5.33333 0
0.944444 5.38889 0
0.944444 5.44444 0
0.944444 5.5 0
0.944444 5.55556 0
0.944444 5.61111 0
0.944444 5.66667 0
0.944444 5.72222 0
0.944444 5.77778 0
0.944444 5.83333 0
0.944444 5.88889 0
0.944444 5.94444 0
0.944444 6 0
0.944444 6.05556 0
0.944444 6.11111 0
0.944444 6.16667 0
0.944444 6.22222 0
0.944444 6.27778 0
0.944444 6.33333 0
0.944444 6.38889 0
0.944444 6.44444 0
0.944444 6.5 0
0.944444 6.55556 0
0.944444 6.61111 0
0.944444 6.66667 0
0.944444 6.72222 0
0.944444 6.77778 0
0.944444 6.83333 0
0.944444 6.88889 0
0.944444 6.94444 0
0.944444 7 0
0.944444 7.05556 0
0.944444 7.11111 0
0.944444 7.16667 0
0.944444 7.22222 0
0.944444 7.27778 0
0.944444 7.33333 0
0.944444 7.38889 0
0.944444 7.44444 0
0.944444 7.5 0
0.944444 7.55556 0
0.944444 7.61111 0
0.944444 7.66667 0
0.944444 7.72222 0

