# Iteration 491, is_converged_ 1
# Heat flux: -0.567208
0 0 1
0 0.0714286 1
0 0.142857 1
0 0.214286 1
0 0.285714 1
0 0.357143 1
0 0.428571 1
0 0.5 1
0 0.571429 1
0 0.642857 1
0 0.714286 1
0 0.785714 1
0 0.857143 1
0 0.928571 1
0 1 1
0 1.07143 1
0 1.14286 1
0 1.21429 1
0 1.28571 1
0 1.35714 1
0 1.42857 1
0 1.5 1
0 1.57143 1
0 1.64286 1
0 1.71429 1
0 1.78571 1
0 1.85714 1
0 1.92857 1
0 2 1
0 2.07143 1
0 2.14286 1
0 2.21429 1
0 2.28571 1
0 2.35714 1
0 2.42857 1
0 2.5 1
0 2.57143 1
0 2.64286 1
0 2.71429 1
0 2.78571 1
0 2.85714 1
0 2.92857 1
0 3 1
0 3.07143 1
0 3.14286 1
0 3.21429 1
0 3.28571 1
0 3.35714 1
0 3.42857 1
0 3.5 1
0 3.57143 1
0 3.64286 1
0 3.71429 1
0 3.78571 1
0 3.85714 1
0 3.92857 1
0 4 1
0 4.07143 1
0 4.14286 1
0 4.21429 1
0 4.28571 1
0 4.35714 1
0 4.42857 1
0 4.5 1
0 4.57143 1
0 4.64286 1
0 4.71429 1
0 4.78571 1
0 4.85714 1
0 4.92857 1
0 5 1
0 5.07143 1
0 5.14286 1
0 5.21429 1
0 5.28571 1
0 5.35714 1
0 5.42857 1
0 5.5 1
0 5.57143 1
0 5.64286 1
0 5.71429 1
0 5.78571 1
0 5.85714 1
0 5.92857 1
0 6 1
0 6.07143 1
0 6.14286 1
0 6.21429 1
0 6.28571 1
0 6.35714 1
0 6.42857 1
0 6.5 1
0 6.57143 1
0 6.64286 1
0 6.71429 1
0 6.78571 1
0 6.85714 1
0 6.92857 1
0 7 1
0 7.07143 1
0 7.14286 1
0 7.21429 1
0 7.28571 1
0 7.35714 1
0 7.42857 1
0 7.5 1
0 7.57143 1
0 7.64286 1
0 7.71429 1
0 7.78571 1
0 7.85714 1
0 7.92857 1
0 8 1
0 8.07143 1
0 8.14286 1
0 8.21429 1
0 8.28571 1
0 8.35714 1
0 8.42857 1
0 8.5 1
0 8.57143 1
0 8.64286 1
0 8.71429 1
0 8.78571 1
0 8.85714 1
0 8.92857 1
0 9 1
0 9.07143 1
0 9.14286 1
0 9.21429 1
0 9.28571 1
0 9.35714 1
0 9.42857 1
0 9.5 1
0 9.57143 1
0 9.64286 1
0 9.71429 1
0 9.78571 1
0 9.85714 1
0 9.92857 1

0.0714286 0 0.954716
0.0714286 0.0714286 0.964383
0.0714286 0.142857 0.973144
0.0714286 0.214286 0.980284
0.0714286 0.285714 0.985754
0.0714286 0.357143 0.9898
0.0714286 0.428571 0.992734
0.0714286 0.5 0.994839
0.0714286 0.571429 0.99634
0.0714286 0.642857 0.997407
0.0714286 0.714286 0.998164
0.0714286 0.785714 0.9987
0.0714286 0.857143 0.99908
0.0714286 0.928571 0.999348
0.0714286 1 0.999539
0.0714286 1.07143 0.999674
0.0714286 1.14286 0.999769
0.0714286 1.21429 0.999836
0.0714286 1.28571 0.999884
0.0714286 1.35714 0.999918
0.0714286 1.42857 0.999942
0.0714286 1.5 0.999959
0.0714286 1.57143 0.999971
0.0714286 1.64286 0.999979
0.0714286 1.71429 0.999985
0.0714286 1.78571 0.99999
0.0714286 1.85714 0.999993
0.0714286 1.92857 0.999995
0.0714286 2 0.999996
0.0714286 2.07143 0.999997
0.0714286 2.14286 0.999998
0.0714286 2.21429 0.999999
0.0714286 2.28571 0.999999
0.0714286 2.35714 0.999999
0.0714286 2.42857 0.999999
0.0714286 2.5 0.999999
0.0714286 2.57143 0.999999
0.0714286 2.64286 0.999998
0.0714286 2.71429 0.999998
0.0714286 2.78571 0.999997
0.0714286 2.85714 0.999996
0.0714286 2.92857 0.999994
0.0714286 3 0.999992
0.0714286 3.07143 0.999988
0.0714286 3.14286 0.999983
0.0714286 3.21429 0.999977
0.0714286 3.28571 0.999967
0.0714286 3.35714 0.999953
0.0714286 3.42857 0.999934
0.0714286 3.5 0.999907
0.0714286 3.57143 0.999868
0.0714286 3.64286 0.999814
0.0714286 3.71429 0.999737
0.0714286 3.78571 0.999628
0.0714286 3.85714 0.999475
0.0714286 3.92857 0.999258
0.0714286 4 0.998951
0.0714286 4.07143 0.998519
0.0714286 4.14286 0.997908
0.0714286 4.21429 0.997046
0.0714286 4.28571 0.995832
0.0714286 4.35714 0.994124
0.0714286 4.42857 0.99173
0.0714286 4.5 0.988397
0.0714286 4.57143 0.983814
0.0714286 4.64286 0.977648
0.0714286 4.71429 0.969668
0.0714286 4.78571 0.960033
0.0714286 4.85714 0.949732
0.0714286 4.92857 0.940675
0.0714286 5 0.933795
0.0714286 5.07143 0.929078
0.0714286 5.14286 0.926077
0.0714286 5.21429 0.924286
0.0714286 5.28571 0.923284
0.0714286 5.35714 0.922768
0.0714286 5.42857 0.922538
0.0714286 5.5 0.922469
0.0714286 5.57143 0.922485
0.0714286 5.64286 0.922541
0.0714286 5.71429 0.922612
0.0714286 5.78571 0.922684
0.0714286 5.85714 0.922751
0.0714286 5.92857 0.922811
0.0714286 6 0.922861
0.0714286 6.07143 0.922903
0.0714286 6.14286 0.922938
0.0714286 6.21429 0.922966
0.0714286 6.28571 0.922989
0.0714286 6.35714 0.923007
0.0714286 6.42857 0.923022
0.0714286 6.5 0.923033
0.0714286 6.57143 0.923042
0.0714286 6.64286 0.92305
0.0714286 6.71429 0.923055
0.0714286 6.78571 0.92306
0.0714286 6.85714 0.923064
0.0714286 6.92857 0.923066
0.0714286 7 0.923069
0.0714286 7.07143 0.92307
0.0714286 7.14286 0.923072
0.0714286 7.21429 0.923073
0.0714286 7.28571 0.923073
0.0714286 7.35714 0.923074
0.0714286 7.42857 0.923074
0.0714286 7.5 0.923075
0.0714286 7.57143 0.923075
0.0714286 7.64286 0.923075
0.0714286 7.71429 0.923074
0.0714286 7.78571 0.923074
0.0714286 7.85714 0.923074
0.0714286 7.92857 0.923073
0.0714286 8 0.923072
0.0714286 8.07143 0.923071
0.0714286 8.14286 0.92307
0.0714286 8.21429 0.923068
0.0714286 8.28571 0.923066
0.0714286 8.35714 0.923063
0.0714286 8.42857 0.92306
0.0714286 8.5 0.923057
0.0714286 8.57143 0.923054
0.0714286 8.64286 0.923051
0.0714286 8.71429 0.923049
0.0714286 8.78571 0.92305
0.0714286 8.85714 0.923056
0.0714286 8.92857 0.923073
0.0714286 9 0.923107
0.0714286 9.07143 0.923172
0.0714286 9.14286 0.923289
0.0714286 9.21429 0.923494
0.0714286 9.28571 0.923842
0.0714286 9.35714 0.924424
0.0714286 9.42857 0.925378
0.0714286 9.5 0.926915
0.0714286 9.57143 0.929332
0.0714286 9.64286 0.933017
0.0714286 9.71429 0.938385
0.0714286 9.78571 0.945696
0.0714286 9.85714 0.954716
0.0714286 9.92857 0.964383

0.142857 0 0.908787
0.142857 0.0714286 0.929669
0.142857 0.142857 0.947911
0.142857 0.214286 0.962238
0.142857 0.285714 0.972931
0.142857 0.357143 0.980711
0.142857 0.428571 0.986298
0.142857 0.5 0.990283
0.142857 0.571429 0.993115
0.142857 0.642857 0.995124
0.142857 0.714286 0.996548
0.142857 0.785714 0.997556
0.142857 0.857143 0.99827
0.142857 0.928571 0.998775
0.142857 1 0.999133
0.142857 1.07143 0.999386
0.142857 1.14286 0.999566
0.142857 1.21429 0.999693
0.142857 1.28571 0.999782
0.142857 1.35714 0.999846
0.142857 1.42857 0.999891
0.142857 1.5 0.999923
0.142857 1.57143 0.999945
0.142857 1.64286 0.999961
0.142857 1.71429 0.999973
0.142857 1.78571 0.999981
0.142857 1.85714 0.999986
0.142857 1.92857 0.99999
0.142857 2 0.999993
0.142857 2.07143 0.999995
0.142857 2.14286 0.999996
0.142857 2.21429 0.999997
0.142857 2.28571 0.999998
0.142857 2.35714 0.999998
0.142857 2.42857 0.999998
0.142857 2.5 0.999998
0.142857 2.57143 0.999998
0.142857 2.64286 0.999997
0.142857 2.71429 0.999996
0.142857 2.78571 0.999994
0.142857 2.85714 0.999992
0.142857 2.92857 0.999989
0.142857 3 0.999984
0.142857 3.07143 0.999978
0.142857 3.14286 0.999969
0.142857 3.21429 0.999956
0.142857 3.28571 0.999938
0.142857 3.35714 0.999912
0.142857 3.42857 0.999876
0.142857 3.5 0.999825
0.142857 3.57143 0.999752
0.142857 3.64286 0.99965
0.142857 3.71429 0.999505
0.142857 3.78571 0.999301
0.142857 3.85714 0.999013
0.142857 3.92857 0.998605
0.142857 4 0.998029
0.142857 4.07143 0.997216
0.142857 4.14286 0.996067
0.142857 4.21429 0.994446
0.142857 4.28571 0.992158
0.142857 4.35714 0.988933
0.142857 4.42857 0.984398
0.142857 4.5 0.978045
0.142857 4.57143 0.969213
0.142857 4.64286 0.95711
0.142857 4.71429 0.940992
0.142857 4.78571 0.920733
0.142857 4.85714 0.89822
0.142857 4.92857 0.879171
0.142857 5 0.865429
0.142857 5.07143 0.856438
0.142857 5.14286 0.850946
0.142857 5.21429 0.847784
0.142857 5.28571 0.846081
0.142857 5.35714 0.845248
0.142857 5.42857 0.844915
0.142857 5.5 0.844853
0.142857 5.57143 0.84493
0.142857 5.64286 0.845067
0.142857 5.71429 0.845222
0.142857 5.78571 0.845373
0.142857 5.85714 0.845511
0.142857 5.92857 0.84563
0.142857 6 0.845731
0.142857 6.07143 0.845814
0.142857 6.14286 0.845882
0.142857 6.21429 0.845938
0.142857 6.28571 0.845982
0.142857 6.35714 0.846018
0.142857 6.42857 0.846046
0.142857 6.5 0.846069
0.142857 6.57143 0.846087
0.142857 6.64286 0.846101
0.142857 6.71429 0.846112
0.142857 6.78571 0.846121
0.142857 6.85714 0.846128
0.142857 6.92857 0.846133
0.142857 7 0.846138
0.142857 7.07143 0.846141
0.142857 7.14286 0.846143
0.142857 7.21429 0.846145
0.142857 7.28571 0.846147
0.142857 7.35714 0.846148
0.142857 7.42857 0.846149
0.142857 7.5 0.846149
0.142857 7.57143 0.846149
0.142857 7.64286 0.846149
0.142857 7.71429 0.846149
0.142857 7.78571 0.846148
0.142857 7.85714 0.846147
0.142857 7.92857 0.846146
0.142857 8 0.846144
0.142857 8.07143 0.846142
0.142857 8.14286 0.846139
0.142857 8.21429 0.846136
0.142857 8.28571 0.846132
0.142857 8.35714 0.846127
0.142857 8.42857 0.846121
0.142857 8.5 0.846114
0.142857 8.57143 0.846107
0.142857 8.64286 0.8461
0.142857 8.71429 0.846095
0.142857 8.78571 0.846094
0.142857 8.85714 0.846102
0.142857 8.92857 0.846127
0.142857 9 0.846183
0.142857 9.07143 0.846291
0.142857 9.14286 0.846491
0.142857 9.21429 0.846843
0.142857 9.28571 0.84745
0.142857 9.35714 0.848474
0.142857 9.42857 0.850174
0.142857 9.5 0.852949
0.142857 9.57143 0.857397
0.142857 9.64286 0.864352
0.142857 9.71429 0.874825
0.142857 9.78571 0.889683
0.142857 9.85714 0.908787
0.142857 9.92857 0.929669

0.214286 0 0.861079
0.214286 0.0714286 0.897596
0.214286 0.142857 0.926592
0.214286 0.214286 0.947828
0.214286 0.285714 0.963022
0.214286 0.357143 0.973815
0.214286 0.428571 0.981463
0.214286 0.5 0.986879
0.214286 0.571429 0.990712
0.214286 0.642857 0.993426
0.214286 0.714286 0.995347
0.214286 0.785714 0.996706
0.214286 0.857143 0.997669
0.214286 0.928571 0.99835
0.214286 1 0.998832
0.214286 1.07143 0.999173
0.214286 1.14286 0.999415
0.214286 1.21429 0.999586
0.214286 1.28571 0.999707
0.214286 1.35714 0.999792
0.214286 1.42857 0.999853
0.214286 1.5 0.999896
0.214286 1.57143 0.999926
0.214286 1.64286 0.999948
0.214286 1.71429 0.999963
0.214286 1.78571 0.999974
0.214286 1.85714 0.999981
0.214286 1.92857 0.999987
0.214286 2 0.999991
0.214286 2.07143 0.999993
0.214286 2.14286 0.999995
0.214286 2.21429 0.999996
0.214286 2.28571 0.999997
0.214286 2.35714 0.999997
0.214286 2.42857 0.999998
0.214286 2.5 0.999997
0.214286 2.57143 0.999997
0.214286 2.64286 0.999996
0.214286 2.71429 0.999994
0.214286 2.78571 0.999992
0.214286 2.85714 0.999989
0.214286 2.92857 0.999985
0.214286 3 0.999979
0.214286 3.07143 0.99997
0.214286 3.14286 0.999958
0.214286 3.21429 0.999941
0.214286 3.28571 0.999916
0.214286 3.35714 0.999882
0.214286 3.42857 0.999833
0.214286 3.5 0.999764
0.214286 3.57143 0.999666
0.214286 3.64286 0.999528
0.214286 3.71429 0.999333
0.214286 3.78571 0.999058
0.214286 3.85714 0.99867
0.214286 3.92857 0.99812
0.214286 4 0.997344
0.214286 4.07143 0.996248
0.214286 4.14286 0.994699
0.214286 4.21429 0.992511
0.214286 4.28571 0.98942
0.214286 4.35714 0.985053
0.214286 4.42857 0.978884
0.214286 4.5 0.970172
0.214286 4.57143 0.957881
0.214286 4.64286 0.940586
0.214286 4.71429 0.916456
0.214286 4.78571 0.883687
0.214286 4.85714 0.843244
0.214286 4.92857 0.812362
0.214286 5 0.792311
0.214286 5.07143 0.780298
0.214286 5.14286 0.773484
0.214286 5.21429 0.769825
0.214286 5.28571 0.768007
0.214286 5.35714 0.76723
0.214286 5.42857 0.76702
0.214286 5.5 0.7671
0.214286 5.57143 0.767314
0.214286 5.64286 0.767574
0.214286 5.71429 0.767836
0.214286 5.78571 0.768077
0.214286 5.85714 0.768288
0.214286 5.92857 0.768468
0.214286 6 0.768617
0.214286 6.07143 0.76874
0.214286 6.14286 0.76884
0.214286 6.21429 0.76892
0.214286 6.28571 0.768984
0.214286 6.35714 0.769036
0.214286 6.42857 0.769077
0.214286 6.5 0.769109
0.214286 6.57143 0.769135
0.214286 6.64286 0.769155
0.214286 6.71429 0.769171
0.214286 6.78571 0.769184
0.214286 6.85714 0.769194
0.214286 6.92857 0.769201
0.214286 7 0.769207
0.214286 7.07143 0.769212
0.214286 7.14286 0.769216
0.214286 7.21429 0.769219
0.214286 7.28571 0.769221
0.214286 7.35714 0.769222
0.214286 7.42857 0.769223
0.214286 7.5 0.769224
0.214286 7.57143 0.769224
0.214286 7.64286 0.769224
0.214286 7.71429 0.769224
0.214286 7.78571 0.769223
0.214286 7.85714 0.769221
0.214286 7.92857 0.76922
0.214286 8 0.769217
0.214286 8.07143 0.769214
0.214286 8.14286 0.76921
0.214286 8.21429 0.769205
0.214286 8.28571 0.769199
0.214286 8.35714 0.769191
0.214286 8.42857 0.769182
0.214286 8.5 0.769172
0.214286 8.57143 0.769161
0.214286 8.64286 0.769148
0.214286 8.71429 0.769137
0.214286 8.78571 0.76913
0.214286 8.85714 0.769132
0.214286 8.92857 0.769151
0.214286 9 0.769205
0.214286 9.07143 0.769319
0.214286 9.14286 0.769539
0.214286 9.21429 0.769939
0.214286 9.28571 0.770642
0.214286 9.35714 0.77185
0.214286 9.42857 0.773893
0.214286 9.5 0.777309
0.214286 9.57143 0.782956
0.214286 9.64286 0.792168
0.214286 9.71429 0.80688
0.214286 9.78571 0.829425
0.214286 9.85714 0.861079
0.214286 9.92857 0.897596

0.285714 0 0.808509
0.285714 0.0714286 0.873046
0.285714 0.142857 0.913032
0.285714 0.214286 0.939458
0.285714 0.285714 0.957514
0.285714 0.357143 0.970063
0.285714 0.428571 0.978861
0.285714 0.5 0.985057
0.285714 0.571429 0.98943
0.285714 0.642857 0.992521
0.285714 0.714286 0.994707
0.285714 0.785714 0.996254
0.285714 0.857143 0.997349
0.285714 0.928571 0.998124
0.285714 1 0.998672
0.285714 1.07143 0.99906
0.285714 1.14286 0.999335
0.285714 1.21429 0.999529
0.285714 1.28571 0.999667
0.285714 1.35714 0.999764
0.285714 1.42857 0.999833
0.285714 1.5 0.999882
0.285714 1.57143 0.999916
0.285714 1.64286 0.999941
0.285714 1.71429 0.999958
0.285714 1.78571 0.99997
0.285714 1.85714 0.999979
0.285714 1.92857 0.999985
0.285714 2 0.999989
0.285714 2.07143 0.999992
0.285714 2.14286 0.999994
0.285714 2.21429 0.999996
0.285714 2.28571 0.999997
0.285714 2.35714 0.999997
0.285714 2.42857 0.999997
0.285714 2.5 0.999997
0.285714 2.57143 0.999996
0.285714 2.64286 0.999995
0.285714 2.71429 0.999994
0.285714 2.78571 0.999991
0.285714 2.85714 0.999988
0.285714 2.92857 0.999983
0.285714 3 0.999976
0.285714 3.07143 0.999966
0.285714 3.14286 0.999952
0.285714 3.21429 0.999933
0.285714 3.28571 0.999905
0.285714 3.35714 0.999865
0.285714 3.42857 0.99981
0.285714 3.5 0.999731
0.285714 3.57143 0.99962
0.285714 3.64286 0.999463
0.285714 3.71429 0.999242
0.285714 3.78571 0.998929
0.285714 3.85714 0.998487
0.285714 3.92857 0.997862
0.285714 4 0.99698
0.285714 4.07143 0.995733
0.285714 4.14286 0.993971
0.285714 4.21429 0.99148
0.285714 4.28571 0.987958
0.285714 4.35714 0.982975
0.285714 4.42857 0.975913
0.285714 4.5 0.965879
0.285714 4.57143 0.951553
0.285714 4.64286 0.930899
0.285714 4.71429 0.900557
0.285714 4.78571 0.854317
0.285714 4.85714 0.778706
0.285714 4.92857 0.734721
0.285714 5 0.711154
0.285714 5.07143 0.69896
0.285714 5.14286 0.692868
0.285714 5.21429 0.690023
0.285714 5.28571 0.688892
0.285714 5.35714 0.688646
0.285714 5.42857 0.688835
0.285714 5.5 0.689213
0.285714 5.57143 0.689651
0.285714 5.64286 0.69008
0.285714 5.71429 0.690471
0.285714 5.78571 0.69081
0.285714 5.85714 0.691097
0.285714 5.92857 0.691336
0.285714 6 0.691531
0.285714 6.07143 0.691689
0.285714 6.14286 0.691816
0.285714 6.21429 0.691918
0.285714 6.28571 0.692
0.285714 6.35714 0.692064
0.285714 6.42857 0.692115
0.285714 6.5 0.692156
0.285714 6.57143 0.692188
0.285714 6.64286 0.692213
0.285714 6.71429 0.692233
0.285714 6.78571 0.692249
0.285714 6.85714 0.692261
0.285714 6.92857 0.692271
0.285714 7 0.692279
0.285714 7.07143 0.692285
0.285714 7.14286 0.692289
0.285714 7.21429 0.692293
0.285714 7.28571 0.692295
0.285714 7.35714 0.692297
0.285714 7.42857 0.692299
0.285714 7.5 0.692299
0.285714 7.57143 0.6923
0.285714 7.64286 0.6923
0.285714 7.71429 0.692299
0.285714 7.78571 0.692298
0.285714 7.85714 0.692296
0.285714 7.92857 0.692294
0.285714 8 0.692291
0.285714 8.07143 0.692287
0.285714 8.14286 0.692282
0.285714 8.21429 0.692275
0.285714 8.28571 0.692267
0.285714 8.35714 0.692257
0.285714 8.42857 0.692245
0.285714 8.5 0.692231
0.285714 8.57143 0.692214
0.285714 8.64286 0.692195
0.285714 8.71429 0.692176
0.285714 8.78571 0.692157
0.285714 8.85714 0.692143
0.285714 8.92857 0.692142
0.285714 9 0.692167
0.285714 9.07143 0.692242
0.285714 9.14286 0.692408
0.285714 9.21429 0.692732
0.285714 9.28571 0.693328
0.285714 9.35714 0.69439
0.285714 9.42857 0.696241
0.285714 9.5 0.699439
0.285714 9.57143 0.70495
0.285714 9.64286 0.714485
0.285714 9.71429 0.731101
0.285714 9.78571 0.760058
0.285714 9.85714 0.808509
0.285714 9.92857 0.873046

0.357143 0 0.739852
0.357143 0.0714286 0.873046
0.357143 0.142857 0.913032
0.357143 0.214286 0.939458
0.357143 0.285714 0.957514
0.357143 0.357143 0.970063
0.357143 0.428571 0.978861
0.357143 0.5 0.985057
0.357143 0.571429 0.98943
0.357143 0.642857 0.992521
0.357143 0.714286 0.994707
0.357143 0.785714 0.996254
0.357143 0.857143 0.997349
0.357143 0.928571 0.998124
0.357143 1 0.998672
0.357143 1.07143 0.99906
0.357143 1.14286 0.999335
0.357143 1.21429 0.999529
0.357143 1.28571 0.999667
0.357143 1.35714 0.999764
0.357143 1.42857 0.999833
0.357143 1.5 0.999882
0.357143 1.57143 0.999916
0.357143 1.64286 0.999941
0.357143 1.71429 0.999958
0.357143 1.78571 0.99997
0.357143 1.85714 0.999979
0.357143 1.92857 0.999985
0.357143 2 0.999989
0.357143 2.07143 0.999992
0.357143 2.14286 0.999994
0.357143 2.21429 0.999996
0.357143 2.28571 0.999997
0.357143 2.35714 0.999997
0.357143 2.42857 0.999997
0.357143 2.5 0.999997
0.357143 2.57143 0.999996
0.357143 2.64286 0.999995
0.357143 2.71429 0.999994
0.357143 2.78571 0.999991
0.357143 2.85714 0.999988
0.357143 2.92857 0.999983
0.357143 3 0.999976
0.357143 3.07143 0.999966
0.357143 3.14286 0.999952
0.357143 3.21429 0.999933
0.357143 3.28571 0.999905
0.357143 3.35714 0.999865
0.357143 3.42857 0.99981
0.357143 3.5 0.999731
0.357143 3.57143 0.99962
0.357143 3.64286 0.999463
0.357143 3.71429 0.999242
0.357143 3.78571 0.998929
0.357143 3.85714 0.998487
0.357143 3.92857 0.997862
0.357143 4 0.99698
0.357143 4.07143 0.995733
0.357143 4.14286 0.993971
0.357143 4.21429 0.99148
0.357143 4.28571 0.987958
0.357143 4.35714 0.982975
0.357143 4.42857 0.975913
0.357143 4.5 0.965879
0.357143 4.57143 0.951553
0.357143 4.64286 0.930899
0.357143 4.71429 0.900557
0.357143 4.78571 0.854317
0.357143 4.85714 0.682542
0.357143 4.92857 0.636664
0.357143 5 0.618624
0.357143 5.07143 0.611519
0.357143 5.14286 0.609005
0.357143 5.21429 0.608507
0.357143 5.28571 0.608891
0.357143 5.35714 0.609627
0.357143 5.42857 0.61046
0.357143 5.5 0.611268
0.357143 5.57143 0.611996
0.357143 5.64286 0.612625
0.357143 5.71429 0.613156
0.357143 5.78571 0.613596
0.357143 5.85714 0.613955
0.357143 5.92857 0.614247
0.357143 6 0.614481
0.357143 6.07143 0.614669
0.357143 6.14286 0.614818
0.357143 6.21429 0.614937
0.357143 6.28571 0.615031
0.357143 6.35714 0.615106
0.357143 6.42857 0.615165
0.357143 6.5 0.615212
0.357143 6.57143 0.615248
0.357143 6.64286 0.615277
0.357143 6.71429 0.6153
0.357143 6.78571 0.615318
0.357143 6.85714 0.615332
0.357143 6.92857 0.615343
0.357143 7 0.615352
0.357143 7.07143 0.615358
0.357143 7.14286 0.615364
0.357143 7.21429 0.615368
0.357143 7.28571 0.615371
0.357143 7.35714 0.615373
0.357143 7.42857 0.615374
0.357143 7.5 0.615375
0.357143 7.57143 0.615376
0.357143 7.64286 0.615375
0.357143 7.71429 0.615375
0.357143 7.78571 0.615373
0.357143 7.85714 0.615371
0.357143 7.92857 0.615369
0.357143 8 0.615365
0.357143 8.07143 0.61536
0.357143 8.14286 0.615354
0.357143 8.21429 0.615347
0.357143 8.28571 0.615337
0.357143 8.35714 0.615325
0.357143 8.42857 0.61531
0.357143 8.5 0.615292
0.357143 8.57143 0.61527
0.357143 8.64286 0.615244
0.357143 8.71429 0.615213
0.357143 8.78571 0.615178
0.357143 8.85714 0.615141
0.357143 8.92857 0.615105
0.357143 9 0.615079
0.357143 9.07143 0.615075
0.357143 9.14286 0.615118
0.357143 9.21429 0.615252
0.357143 9.28571 0.61555
0.357143 9.35714 0.616139
0.357143 9.42857 0.617242
0.357143 9.5 0.619255
0.357143 9.57143 0.622919
0.357143 9.64286 0.629722
0.357143 9.71429 0.64298
0.357143 9.78571 0.671196
0.357143 9.85714 0.739852
0.357143 9.92857 0.873046

0.428571 0 0.541893
0.428571 0.0714286 -1.79769e+308
0.428571 0.142857 -1.79769e+308
0.428571 0.214286 -1.79769e+308
0.428571 0.285714 -1.79769e+308
0.428571 0.357143 -1.79769e+308
0.428571 0.428571 -1.79769e+308
0.428571 0.5 -1.79769e+308
0.428571 0.571429 -1.79769e+308
0.428571 0.642857 -1.79769e+308
0.428571 0.714286 -1.79769e+308
0.428571 0.785714 -1.79769e+308
0.428571 0.857143 -1.79769e+308
0.428571 0.928571 -1.79769e+308
0.428571 1 -1.79769e+308
0.428571 1.07143 -1.79769e+308
0.428571 1.14286 -1.79769e+308
0.428571 1.21429 -1.79769e+308
0.428571 1.28571 -1.79769e+308
0.428571 1.35714 -1.79769e+308
0.428571 1.42857 -1.79769e+308
0.428571 1.5 -1.79769e+308
0.428571 1.57143 -1.79769e+308
0.428571 1.64286 -1.79769e+308
0.428571 1.71429 -1.79769e+308
0.428571 1.78571 -1.79769e+308
0.428571 1.85714 -1.79769e+308
0.428571 1.92857 -1.79769e+308
0.428571 2 -1.79769e+308
0.428571 2.07143 -1.79769e+308
0.428571 2.14286 -1.79769e+308
0.428571 2.21429 -1.79769e+308
0.428571 2.28571 -1.79769e+308
0.428571 2.35714 -1.79769e+308
0.428571 2.42857 -1.79769e+308
0.428571 2.5 -1.79769e+308
0.428571 2.57143 -1.79769e+308
0.428571 2.64286 -1.79769e+308
0.428571 2.71429 -1.79769e+308
0.428571 2.78571 -1.79769e+308
0.428571 2.85714 -1.79769e+308
0.428571 2.92857 -1.79769e+308
0.428571 3 -1.79769e+308
0.428571 3.07143 -1.79769e+308
0.428571 3.14286 -1.79769e+308
0.428571 3.21429 -1.79769e+308
0.428571 3.28571 -1.79769e+308
0.428571 3.35714 -1.79769e+308
0.428571 3.42857 -1.79769e+308
0.428571 3.5 -1.79769e+308
0.428571 3.57143 -1.79769e+308
0.428571 3.64286 -1.79769e+308
0.428571 3.71429 -1.79769e+308
0.428571 3.78571 -1.79769e+308
0.428571 3.85714 -1.79769e+308
0.428571 3.92857 -1.79769e+308
0.428571 4 -1.79769e+308
0.428571 4.07143 -1.79769e+308
0.428571 4.14286 -1.79769e+308
0.428571 4.21429 -1.79769e+308
0.428571 4.28571 -1.79769e+308
0.428571 4.35714 -1.79769e+308
0.428571 4.42857 -1.79769e+308
0.428571 4.5 -1.79769e+308
0.428571 4.57143 -1.79769e+308
0.428571 4.64286 -1.79769e+308
0.428571 4.71429 -1.79769e+308
0.428571 4.78571 -1.79769e+308
0.428571 4.85714 0.510767
0.428571 4.92857 0.510767
0.428571 5 0.51516
0.428571 5.07143 0.519487
0.428571 5.14286 0.523128
0.428571 5.21429 0.526109
0.428571 5.28571 0.528538
0.428571 5.35714 0.530512
0.428571 5.42857 0.532111
0.428571 5.5 0.533401
0.428571 5.57143 0.534439
0.428571 5.64286 0.53527
0.428571 5.71429 0.535933
0.428571 5.78571 0.536462
0.428571 5.85714 0.536882
0.428571 5.92857 0.537215
0.428571 6 0.537478
0.428571 6.07143 0.537686
0.428571 6.14286 0.537851
0.428571 6.21429 0.537981
0.428571 6.28571 0.538083
0.428571 6.35714 0.538164
0.428571 6.42857 0.538227
0.428571 6.5 0.538277
0.428571 6.57143 0.538316
0.428571 6.64286 0.538347
0.428571 6.71429 0.538372
0.428571 6.78571 0.538391
0.428571 6.85714 0.538406
0.428571 6.92857 0.538417
0.428571 7 0.538427
0.428571 7.07143 0.538434
0.428571 7.14286 0.538439
0.428571 7.21429 0.538443
0.428571 7.28571 0.538447
0.428571 7.35714 0.538449
0.428571 7.42857 0.538451
0.428571 7.5 0.538452
0.428571 7.57143 0.538452
0.428571 7.64286 0.538452
0.428571 7.71429 0.538451
0.428571 7.78571 0.53845
0.428571 7.85714 0.538447
0.428571 7.92857 0.538445
0.428571 8 0.538441
0.428571 8.07143 0.538436
0.428571 8.14286 0.538429
0.428571 8.21429 0.538421
0.428571 8.28571 0.53841
0.428571 8.35714 0.538396
0.428571 8.42857 0.538379
0.428571 8.5 0.538357
0.428571 8.57143 0.53833
0.428571 8.64286 0.538296
0.428571 8.71429 0.538254
0.428571 8.78571 0.538202
0.428571 8.85714 0.538138
0.428571 8.92857 0.53806
0.428571 9 0.537968
0.428571 9.07143 0.53786
0.428571 9.14286 0.537739
0.428571 9.21429 0.537608
0.428571 9.28571 0.53748
0.428571 9.35714 0.537375
0.428571 9.42857 0.537333
0.428571 9.5 0.53742
0.428571 9.57143 0.537751
0.428571 9.64286 0.538503
0.428571 9.71429 0.539903
0.428571 9.78571 0.541893
0.428571 9.85714 0.541893
0.428571 9.92857 -1.79769e+308

0.5 0 0.364085
0.5 0.0714286 0.186276
0.5 0.142857 0.134684
0.5 0.214286 0.0992146
0.5 0.285714 0.0738029
0.5 0.357143 0.0551907
0.5 0.428571 0.0413938
0.5 0.5 0.0310978
0.5 0.571429 0.0233853
0.5 0.642857 0.0175954
0.5 0.714286 0.0132433
0.5 0.785714 0.00996958
0.5 0.857143 0.00750598
0.5 0.928571 0.00565155
0.5 1 0.00425545
0.5 1.07143 0.00320431
0.5 1.14286 0.00241287
0.5 1.21429 0.00181694
0.5 1.28571 0.00136822
0.5 1.35714 0.00103036
0.5 1.42857 0.000775982
0.5 1.5 0.000584465
0.5 1.57143 0.000440299
0.5 1.64286 0.000331803
0.5 1.71429 0.000250187
0.5 1.78571 0.000188839
0.5 1.85714 0.00014279
0.5 1.92857 0.000108307
0.5 2 8.25988e-05
0.5 2.07143 6.35814e-05
0.5 2.14286 4.97144e-05
0.5 2.21429 3.98745e-05
0.5 2.28571 3.32643e-05
0.5 2.35714 2.93484e-05
0.5 2.42857 2.78097e-05
0.5 2.5 2.85233e-05
0.5 2.57143 3.15471e-05
0.5 2.64286 3.71262e-05
0.5 2.71429 4.57125e-05
0.5 2.78571 5.80016e-05
0.5 2.85714 7.49891e-05
0.5 2.92857 9.80512e-05
0.5 3 0.000129056
0.5 3.07143 0.000170516
0.5 3.14286 0.00022579
0.5 3.21429 0.000299355
0.5 3.28571 0.000397172
0.5 3.35714 0.000527166
0.5 3.42857 0.000699867
0.5 3.5 0.000929268
0.5 3.57143 0.00123396
0.5 3.64286 0.00163862
0.5 3.71429 0.00217605
0.5 3.78571 0.0028898
0.5 3.85714 0.00383774
0.5 3.92857 0.00509678
0.5 4 0.00676911
0.5 4.07143 0.00899073
0.5 4.14286 0.0119427
0.5 4.21429 0.0158668
0.5 4.28571 0.0210865
0.5 4.35714 0.0280376
0.5 4.42857 0.037313
0.5 4.5 0.0497327
0.5 4.57143 0.0664644
0.5 4.64286 0.0892535
0.5 4.71429 0.120925
0.5 4.78571 0.166633
0.5 4.85714 0.308963
0.5 4.92857 0.380478
0.5 5 0.411762
0.5 5.07143 0.42814
0.5 5.14286 0.437909
0.5 5.21429 0.444264
0.5 5.28571 0.448641
0.5 5.35714 0.451772
0.5 5.42857 0.45407
0.5 5.5 0.455788
0.5 5.57143 0.457088
0.5 5.64286 0.458081
0.5 5.71429 0.458846
0.5 5.78571 0.459436
0.5 5.85714 0.459895
0.5 5.92857 0.460252
0.5 6 0.46053
0.5 6.07143 0.460748
0.5 6.14286 0.460918
0.5 6.21429 0.461052
0.5 6.28571 0.461156
0.5 6.35714 0.461238
0.5 6.42857 0.461303
0.5 6.5 0.461353
0.5 6.57143 0.461393
0.5 6.64286 0.461424
0.5 6.71429 0.461448
0.5 6.78571 0.461467
0.5 6.85714 0.461482
0.5 6.92857 0.461494
0.5 7 0.461503
0.5 7.07143 0.461511
0.5 7.14286 0.461516
0.5 7.21429 0.46152
0.5 7.28571 0.461524
0.5 7.35714 0.461526
0.5 7.42857 0.461527
0.5 7.5 0.461528
0.5 7.57143 0.461529
0.5 7.64286 0.461529
0.5 7.71429 0.461528
0.5 7.78571 0.461526
0.5 7.85714 0.461524
0.5 7.92857 0.461521
0.5 8 0.461517
0.5 8.07143 0.461512
0.5 8.14286 0.461505
0.5 8.21429 0.461497
0.5 8.28571 0.461485
0.5 8.35714 0.461471
0.5 8.42857 0.461452
0.5 8.5 0.461428
0.5 8.57143 0.461397
0.5 8.64286 0.461357
0.5 8.71429 0.461305
0.5 8.78571 0.461237
0.5 8.85714 0.461148
0.5 8.92857 0.46103
0.5 9 0.460872
0.5 9.07143 0.46066
0.5 9.14286 0.460368
0.5 9.21429 0.459962
0.5 9.28571 0.459386
0.5 9.35714 0.458548
0.5 9.42857 0.457293
0.5 9.5 0.455342
0.5 9.57143 0.45216
0.5 9.64286 0.446636
0.5 9.71429 0.436236
0.5 9.78571 0.414581
0.5 9.85714 0.364085
0.5 9.92857 0.186276

0.571429 0 0.267308
0.571429 0.0714286 0.186276
0.571429 0.142857 0.134684
0.571429 0.214286 0.0992146
0.571429 0.285714 0.0738029
0.571429 0.357143 0.0551907
0.571429 0.428571 0.0413938
0.571429 0.5 0.0310978
0.571429 0.571429 0.0233853
0.571429 0.642857 0.0175954
0.571429 0.714286 0.0132433
0.571429 0.785714 0.00996958
0.571429 0.857143 0.00750598
0.571429 0.928571 0.00565155
0.571429 1 0.00425545
0.571429 1.07143 0.00320431
0.571429 1.14286 0.00241287
0.571429 1.21429 0.00181694
0.571429 1.28571 0.00136822
0.571429 1.35714 0.00103036
0.571429 1.42857 0.000775981
0.571429 1.5 0.000584465
0.571429 1.57143 0.000440299
0.571429 1.64286 0.000331803
0.571429 1.71429 0.000250187
0.571429 1.78571 0.000188839
0.571429 1.85714 0.000142789
0.571429 1.92857 0.000108307
0.571429 2 8.25985e-05
0.571429 2.07143 6.35811e-05
0.571429 2.14286 4.97142e-05
0.571429 2.21429 3.98742e-05
0.571429 2.28571 3.3264e-05
0.571429 2.35714 2.93482e-05
0.571429 2.42857 2.78094e-05
0.571429 2.5 2.8523e-05
0.571429 2.57143 3.15469e-05
0.571429 2.64286 3.7126e-05
0.571429 2.71429 4.57122e-05
0.571429 2.78571 5.80013e-05
0.571429 2.85714 7.49888e-05
0.571429 2.92857 9.8051e-05
0.571429 3 0.000129056
0.571429 3.07143 0.000170516
0.571429 3.14286 0.00022579
0.571429 3.21429 0.000299355
0.571429 3.28571 0.000397172
0.571429 3.35714 0.000527166
0.571429 3.42857 0.000699867
0.571429 3.5 0.000929268
0.571429 3.57143 0.00123396
0.571429 3.64286 0.00163862
0.571429 3.71429 0.00217605
0.571429 3.78571 0.0028898
0.571429 3.85714 0.00383774
0.571429 3.92857 0.00509678
0.571429 4 0.00676911
0.571429 4.07143 0.00899073
0.571429 4.14286 0.0119427
0.571429 4.21429 0.0158668
0.571429 4.28571 0.0210865
0.571429 4.35714 0.0280376
0.571429 4.42857 0.037313
0.571429 4.5 0.0497327
0.571429 4.57143 0.0664644
0.571429 4.64286 0.0892535
0.571429 4.71429 0.120925
0.571429 4.78571 0.166633
0.571429 4.85714 0.237447
0.571429 4.92857 0.290421
0.571429 5 0.323268
0.571429 5.07143 0.343404
0.571429 5.14286 0.356103
0.571429 5.21429 0.364397
0.571429 5.28571 0.369989
0.571429 5.35714 0.373864
0.571429 5.42857 0.37661
0.571429 5.5 0.378592
0.571429 5.57143 0.380044
0.571429 5.64286 0.381122
0.571429 5.71429 0.381931
0.571429 5.78571 0.382543
0.571429 5.85714 0.38301
0.571429 5.92857 0.383368
0.571429 6 0.383643
0.571429 6.07143 0.383857
0.571429 6.14286 0.384023
0.571429 6.21429 0.384151
0.571429 6.28571 0.384252
0.571429 6.35714 0.38433
0.571429 6.42857 0.384392
0.571429 6.5 0.38444
0.571429 6.57143 0.384478
0.571429 6.64286 0.384507
0.571429 6.71429 0.38453
0.571429 6.78571 0.384548
0.571429 6.85714 0.384563
0.571429 6.92857 0.384574
0.571429 7 0.384582
0.571429 7.07143 0.384589
0.571429 7.14286 0.384594
0.571429 7.21429 0.384598
0.571429 7.28571 0.384601
0.571429 7.35714 0.384604
0.571429 7.42857 0.384605
0.571429 7.5 0.384606
0.571429 7.57143 0.384606
0.571429 7.64286 0.384606
0.571429 7.71429 0.384605
0.571429 7.78571 0.384604
0.571429 7.85714 0.384602
0.571429 7.92857 0.384599
0.571429 8 0.384595
0.571429 8.07143 0.38459
0.571429 8.14286 0.384584
0.571429 8.21429 0.384575
0.571429 8.28571 0.384564
0.571429 8.35714 0.384549
0.571429 8.42857 0.384531
0.571429 8.5 0.384506
0.571429 8.57143 0.384473
0.571429 8.64286 0.38443
0.571429 8.71429 0.384372
0.571429 8.78571 0.384294
0.571429 8.85714 0.384187
0.571429 8.92857 0.384039
0.571429 9 0.383832
0.571429 9.07143 0.383537
0.571429 9.14286 0.383112
0.571429 9.21429 0.382487
0.571429 9.28571 0.381554
0.571429 9.35714 0.380139
0.571429 9.42857 0.37795
0.571429 9.5 0.374495
0.571429 9.57143 0.368912
0.571429 9.64286 0.359646
0.571429 9.71429 0.343822
0.571429 9.78571 0.316111
0.571429 9.85714 0.267308
0.571429 9.92857 0.186276

0.642857 0 0.202762
0.642857 0.0714286 0.156835
0.642857 0.142857 0.118561
0.642857 0.214286 0.0891571
0.642857 0.285714 0.0670034
0.642857 0.357143 0.0503753
0.642857 0.428571 0.0378928
0.642857 0.5 0.0285144
0.642857 0.571429 0.0214627
0.642857 0.642857 0.0161575
0.642857 0.714286 0.0121649
0.642857 0.785714 0.00915947
0.642857 0.857143 0.00689681
0.642857 0.928571 0.00519321
0.642857 1 0.00391048
0.642857 1.07143 0.00294462
0.642857 1.14286 0.00221735
0.642857 1.21429 0.00166972
0.642857 1.28571 0.00125737
0.642857 1.35714 0.000946886
0.642857 1.42857 0.000713114
0.642857 1.5 0.000537114
0.642857 1.57143 0.000404628
0.642857 1.64286 0.000304922
0.642857 1.71429 0.000229918
0.642857 1.78571 0.00017354
0.642857 1.85714 0.000131221
0.642857 1.92857 9.95324e-05
0.642857 2 7.59067e-05
0.642857 2.07143 5.843e-05
0.642857 2.14286 4.56864e-05
0.642857 2.21429 3.66436e-05
0.642857 2.28571 3.0569e-05
0.642857 2.35714 2.69704e-05
0.642857 2.42857 2.55563e-05
0.642857 2.5 2.62121e-05
0.642857 2.57143 2.8991e-05
0.642857 2.64286 3.41181e-05
0.642857 2.71429 4.20087e-05
0.642857 2.78571 5.33022e-05
0.642857 2.85714 6.89135e-05
0.642857 2.92857 9.01073e-05
0.642857 3 0.000118601
0.642857 3.07143 0.000156702
0.642857 3.14286 0.000207497
0.642857 3.21429 0.000275103
0.642857 3.28571 0.000364995
0.642857 3.35714 0.000484457
0.642857 3.42857 0.000643166
0.642857 3.5 0.000853981
0.642857 3.57143 0.00113398
0.642857 3.64286 0.00150585
0.642857 3.71429 0.00199972
0.642857 3.78571 0.00265561
0.642857 3.85714 0.00352666
0.642857 3.92857 0.00468347
0.642857 4 0.00621983
0.642857 4.07143 0.00826035
0.642857 4.14286 0.0109707
0.642857 4.21429 0.0145711
0.642857 4.28571 0.019355
0.642857 4.35714 0.0257134
0.642857 4.42857 0.0341687
0.642857 4.5 0.0454207
0.642857 4.57143 0.0604069
0.642857 4.64286 0.0803715
0.642857 4.71429 0.106887
0.642857 4.78571 0.141528
0.642857 4.85714 0.183773
0.642857 4.92857 0.220489
0.642857 5 0.247487
0.642857 5.07143 0.266106
0.642857 5.14286 0.278703
0.642857 5.21429 0.28723
0.642857 5.28571 0.293056
0.642857 5.35714 0.297086
0.642857 5.42857 0.299914
0.642857 5.5 0.301925
0.642857 5.57143 0.303374
0.642857 5.64286 0.304432
0.642857 5.71429 0.305213
0.642857 5.78571 0.305795
0.642857 5.85714 0.306233
0.642857 5.92857 0.306566
0.642857 6 0.306819
0.642857 6.07143 0.307014
0.642857 6.14286 0.307164
0.642857 6.21429 0.30728
0.642857 6.28571 0.30737
0.642857 6.35714 0.30744
0.642857 6.42857 0.307495
0.642857 6.5 0.307537
0.642857 6.57143 0.307571
0.642857 6.64286 0.307597
0.642857 6.71429 0.307617
0.642857 6.78571 0.307633
0.642857 6.85714 0.307646
0.642857 6.92857 0.307656
0.642857 7 0.307663
0.642857 7.07143 0.307669
0.642857 7.14286 0.307674
0.642857 7.21429 0.307677
0.642857 7.28571 0.30768
0.642857 7.35714 0.307682
0.642857 7.42857 0.307683
0.642857 7.5 0.307684
0.642857 7.57143 0.307684
0.642857 7.64286 0.307684
0.642857 7.71429 0.307683
0.642857 7.78571 0.307682
0.642857 7.85714 0.30768
0.642857 7.92857 0.307678
0.642857 8 0.307674
0.642857 8.07143 0.30767
0.642857 8.14286 0.307664
0.642857 8.21429 0.307656
0.642857 8.28571 0.307646
0.642857 8.35714 0.307632
0.642857 8.42857 0.307615
0.642857 8.5 0.307591
0.642857 8.57143 0.30756
0.642857 8.64286 0.307517
0.642857 8.71429 0.307459
0.642857 8.78571 0.307379
0.642857 8.85714 0.307267
0.642857 8.92857 0.307108
0.642857 9 0.306879
0.642857 9.07143 0.306546
0.642857 9.14286 0.306054
0.642857 9.21429 0.305319
0.642857 9.28571 0.304205
0.642857 9.35714 0.302503
0.642857 9.42857 0.299874
0.642857 9.5 0.295776
0.642857 9.57143 0.289346
0.642857 9.64286 0.279214
0.642857 9.71429 0.263295
0.642857 9.78571 0.238733
0.642857 9.85714 0.202762
0.642857 9.92857 0.156835

0.714286 0 0.148171
0.714286 0.0714286 0.119743
0.714286 0.142857 0.0935671
0.714286 0.214286 0.0718497
0.714286 0.285714 0.0546785
0.714286 0.357143 0.0414143
0.714286 0.428571 0.0312879
0.714286 0.5 0.0236043
0.714286 0.571429 0.0177935
0.714286 0.642857 0.0134071
0.714286 0.714286 0.0100994
0.714286 0.785714 0.00760659
0.714286 0.857143 0.00572857
0.714286 0.928571 0.00431401
0.714286 1 0.00324865
0.714286 1.07143 0.00244635
0.714286 1.14286 0.00184218
0.714286 1.21429 0.00138723
0.714286 1.28571 0.00104465
0.714286 1.35714 0.000786696
0.714286 1.42857 0.000592474
0.714286 1.5 0.000446249
0.714286 1.57143 0.000336176
0.714286 1.64286 0.000253338
0.714286 1.71429 0.000191022
0.714286 1.78571 0.000144182
0.714286 1.85714 0.000109022
0.714286 1.92857 8.26944e-05
0.714286 2 6.30654e-05
0.714286 2.07143 4.85452e-05
0.714286 2.14286 3.79575e-05
0.714286 2.21429 3.04445e-05
0.714286 2.28571 2.53975e-05
0.714286 2.35714 2.24077e-05
0.714286 2.42857 2.12328e-05
0.714286 2.5 2.17776e-05
0.714286 2.57143 2.40864e-05
0.714286 2.64286 2.83462e-05
0.714286 2.71429 3.4902e-05
0.714286 2.78571 4.4285e-05
0.714286 2.85714 5.72553e-05
0.714286 2.92857 7.48637e-05
0.714286 3 9.85367e-05
0.714286 3.07143 0.000130192
0.714286 3.14286 0.000172395
0.714286 3.21429 0.000228563
0.714286 3.28571 0.000303249
0.714286 3.35714 0.0004025
0.714286 3.42857 0.00053436
0.714286 3.5 0.000709509
0.714286 3.57143 0.000942136
0.714286 3.64286 0.00125108
0.714286 3.71429 0.00166138
0.714286 3.78571 0.00220625
0.714286 3.85714 0.00292981
0.714286 3.92857 0.00389061
0.714286 4 0.00516638
0.714286 4.07143 0.00686016
0.714286 4.14286 0.00910852
0.714286 4.21429 0.0120921
0.714286 4.28571 0.0160491
0.714286 4.35714 0.0212922
0.714286 4.42857 0.0282278
0.714286 4.5 0.0373746
0.714286 4.57143 0.0493708
0.714286 4.64286 0.0649385
0.714286 4.71429 0.0847241
0.714286 4.78571 0.10882
0.714286 4.85714 0.135626
0.714286 4.92857 0.160274
0.714286 5 0.180084
0.714286 5.07143 0.19483
0.714286 5.14286 0.205372
0.714286 5.21429 0.212765
0.714286 5.28571 0.217917
0.714286 5.35714 0.221512
0.714286 5.42857 0.224034
0.714286 5.5 0.22582
0.714286 5.57143 0.227096
0.714286 5.64286 0.228019
0.714286 5.71429 0.228694
0.714286 5.78571 0.229192
0.714286 5.85714 0.229563
0.714286 5.92857 0.229842
0.714286 6 0.230054
0.714286 6.07143 0.230215
0.714286 6.14286 0.230338
0.714286 6.21429 0.230434
0.714286 6.28571 0.230507
0.714286 6.35714 0.230565
0.714286 6.42857 0.230609
0.714286 6.5 0.230644
0.714286 6.57143 0.230671
0.714286 6.64286 0.230692
0.714286 6.71429 0.230709
0.714286 6.78571 0.230722
0.714286 6.85714 0.230732
0.714286 6.92857 0.23074
0.714286 7 0.230746
0.714286 7.07143 0.230751
0.714286 7.14286 0.230754
0.714286 7.21429 0.230757
0.714286 7.28571 0.230759
0.714286 7.35714 0.230761
0.714286 7.42857 0.230762
0.714286 7.5 0.230763
0.714286 7.57143 0.230763
0.714286 7.64286 0.230763
0.714286 7.71429 0.230762
0.714286 7.78571 0.230761
0.714286 7.85714 0.23076
0.714286 7.92857 0.230758
0.714286 8 0.230755
0.714286 8.07143 0.230751
0.714286 8.14286 0.230746
0.714286 8.21429 0.23074
0.714286 8.28571 0.230731
0.714286 8.35714 0.23072
0.714286 8.42857 0.230705
0.714286 8.5 0.230685
0.714286 8.57143 0.230658
0.714286 8.64286 0.23062
0.714286 8.71429 0.230569
0.714286 8.78571 0.230497
0.714286 8.85714 0.230394
0.714286 8.92857 0.230246
0.714286 9 0.230031
0.714286 9.07143 0.229714
0.714286 9.14286 0.229241
0.714286 9.21429 0.228528
0.714286 9.28571 0.227446
0.714286 9.35714 0.225794
0.714286 9.42857 0.223265
0.714286 9.5 0.219391
0.714286 9.57143 0.213482
0.714286 9.64286 0.204568
0.714286 9.71429 0.191413
0.714286 9.78571 0.172762
0.714286 9.85714 0.148171
0.714286 9.92857 0.119743

0.785714 0 0.0974159
0.785714 0.0714286 0.0803973
0.785714 0.142857 0.0641154
0.785714 0.214286 0.0499961
0.785714 0.285714 0.0384464
0.785714 0.357143 0.0293156
0.785714 0.428571 0.0222401
0.785714 0.5 0.0168213
0.785714 0.571429 0.0126999
0.785714 0.642857 0.009578
0.785714 0.714286 0.00721897
0.785714 0.785714 0.00543892
0.785714 0.857143 0.00409689
0.785714 0.928571 0.00308559
0.785714 1 0.00232375
0.785714 1.07143 0.00174994
0.785714 1.14286 0.00131779
0.785714 1.21429 0.000992361
0.785714 1.28571 0.000747302
0.785714 1.35714 0.000562775
0.785714 1.42857 0.000423836
0.785714 1.5 0.000319233
0.785714 1.57143 0.00024049
0.785714 1.64286 0.00018123
0.785714 1.71429 0.000136652
0.785714 1.78571 0.000103144
0.785714 1.85714 7.79912e-05
0.785714 1.92857 5.9157e-05
0.785714 2 4.5115e-05
0.785714 2.07143 3.47277e-05
0.785714 2.14286 2.71536e-05
0.785714 2.21429 2.1779e-05
0.785714 2.28571 1.81685e-05
0.785714 2.35714 1.60297e-05
0.785714 2.42857 1.51892e-05
0.785714 2.5 1.5579e-05
0.785714 2.57143 1.72306e-05
0.785714 2.64286 2.02779e-05
0.785714 2.71429 2.49678e-05
0.785714 2.78571 3.16801e-05
0.785714 2.85714 4.09586e-05
0.785714 2.92857 5.35552e-05
0.785714 3 7.04902e-05
0.785714 3.07143 9.31356e-05
0.785714 3.14286 0.000123326
0.785714 3.21429 0.000163507
0.785714 3.28571 0.000216935
0.785714 3.35714 0.000287936
0.785714 3.42857 0.000382264
0.785714 3.5 0.000507558
0.785714 3.57143 0.000673968
0.785714 3.64286 0.000894972
0.785714 3.71429 0.00118846
0.785714 3.78571 0.0015782
0.785714 3.85714 0.0020957
0.785714 3.92857 0.0027828
0.785714 4 0.00369491
0.785714 4.07143 0.0049054
0.785714 4.14286 0.00651114
0.785714 4.21429 0.00863954
0.785714 4.28571 0.011457
0.785714 4.35714 0.0151785
0.785714 4.42857 0.0200756
0.785714 4.5 0.0264792
0.785714 4.57143 0.0347634
0.785714 4.64286 0.0452875
0.785714 4.71429 0.0582504
0.785714 4.78571 0.0734024
0.785714 4.85714 0.0896367
0.785714 4.92857 0.104899
0.785714 5 0.117745
0.785714 5.07143 0.127758
0.785714 5.14286 0.135189
0.785714 5.21429 0.140541
0.785714 5.28571 0.144336
0.785714 5.35714 0.147009
0.785714 5.42857 0.148891
0.785714 5.5 0.150223
0.785714 5.57143 0.151172
0.785714 5.64286 0.151855
0.785714 5.71429 0.152351
0.785714 5.78571 0.152715
0.785714 5.85714 0.152985
0.785714 5.92857 0.153186
0.785714 6 0.153338
0.785714 6.07143 0.153454
0.785714 6.14286 0.153542
0.785714 6.21429 0.153609
0.785714 6.28571 0.153662
0.785714 6.35714 0.153702
0.785714 6.42857 0.153734
0.785714 6.5 0.153758
0.785714 6.57143 0.153777
0.785714 6.64286 0.153792
0.785714 6.71429 0.153804
0.785714 6.78571 0.153813
0.785714 6.85714 0.15382
0.785714 6.92857 0.153825
0.785714 7 0.15383
0.785714 7.07143 0.153833
0.785714 7.14286 0.153836
0.785714 7.21429 0.153838
0.785714 7.28571 0.153839
0.785714 7.35714 0.15384
0.785714 7.42857 0.153841
0.785714 7.5 0.153841
0.785714 7.57143 0.153842
0.785714 7.64286 0.153841
0.785714 7.71429 0.153841
0.785714 7.78571 0.15384
0.785714 7.85714 0.153839
0.785714 7.92857 0.153838
0.785714 8 0.153836
0.785714 8.07143 0.153833
0.785714 8.14286 0.15383
0.785714 8.21429 0.153825
0.785714 8.28571 0.153819
0.785714 8.35714 0.153811
0.785714 8.42857 0.1538
0.785714 8.5 0.153785
0.785714 8.57143 0.153765
0.785714 8.64286 0.153738
0.785714 8.71429 0.153699
0.785714 8.78571 0.153644
0.785714 8.85714 0.153566
0.785714 8.92857 0.153452
0.785714 9 0.153285
0.785714 9.07143 0.153038
0.785714 9.14286 0.152666
0.785714 9.21429 0.152106
0.785714 9.28571 0.151256
0.785714 9.35714 0.149963
0.785714 9.42857 0.148001
0.785714 9.5 0.14504
0.785714 9.57143 0.140622
0.785714 9.64286 0.134165
0.785714 9.71429 0.125027
0.785714 9.78571 0.112732
0.785714 9.85714 0.0974159
0.785714 9.92857 0.0803973

0.857143 0 0.0483637
0.857143 0.0714286 0.0403155
0.857143 0.142857 0.032501
0.857143 0.214286 0.0255731
0.857143 0.285714 0.0197953
0.857143 0.357143 0.0151616
0.857143 0.428571 0.0115357
0.857143 0.5 0.00874092
0.857143 0.571429 0.00660672
0.857143 0.642857 0.00498607
0.857143 0.714286 0.00375957
0.857143 0.785714 0.00283324
0.857143 0.857143 0.00213446
0.857143 0.928571 0.00160772
0.857143 1 0.00121084
0.857143 1.07143 0.000911868
0.857143 1.14286 0.000686696
0.857143 1.21429 0.000517119
0.857143 1.28571 0.000389422
0.857143 1.35714 0.000293265
0.857143 1.42857 0.000220864
0.857143 1.5 0.000166355
0.857143 1.57143 0.000125321
0.857143 1.64286 9.44404e-05
0.857143 1.71429 7.12102e-05
0.857143 1.78571 5.37489e-05
0.857143 1.85714 4.06418e-05
0.857143 1.92857 3.08272e-05
0.857143 2 2.35098e-05
0.857143 2.07143 1.80969e-05
0.857143 2.14286 1.41499e-05
0.857143 2.21429 1.13492e-05
0.857143 2.28571 9.46774e-06
0.857143 2.35714 8.35317e-06
0.857143 2.42857 7.91519e-06
0.857143 2.5 8.11831e-06
0.857143 2.57143 8.97899e-06
0.857143 2.64286 1.0567e-05
0.857143 2.71429 1.30109e-05
0.857143 2.78571 1.65087e-05
0.857143 2.85714 2.13439e-05
0.857143 2.92857 2.7908e-05
0.857143 3 3.6733e-05
0.857143 3.07143 4.85337e-05
0.857143 3.14286 6.42662e-05
0.857143 3.21429 8.5205e-05
0.857143 3.28571 0.000113046
0.857143 3.35714 0.000150046
0.857143 3.42857 0.0001992
0.857143 3.5 0.000264491
0.857143 3.57143 0.000351208
0.857143 3.64286 0.000466371
0.857143 3.71429 0.000619303
0.857143 3.78571 0.000822379
0.857143 3.85714 0.00109201
0.857143 3.92857 0.00144997
0.857143 4 0.00192507
0.857143 4.07143 0.0025554
0.857143 4.14286 0.00339111
0.857143 4.21429 0.00449792
0.857143 4.28571 0.00596101
0.857143 4.35714 0.00788911
0.857143 4.42857 0.0104169
0.857143 4.5 0.013703
0.857143 4.57143 0.0179161
0.857143 4.64286 0.0231978
0.857143 4.71429 0.0295877
0.857143 4.78571 0.0369024
0.857143 4.85714 0.0446196
0.857143 4.92857 0.0519392
0.857143 5 0.0582386
0.857143 5.07143 0.0632702
0.857143 5.14286 0.0670836
0.857143 5.21429 0.0698755
0.857143 5.28571 0.0718769
0.857143 5.35714 0.0732962
0.857143 5.42857 0.0742992
0.857143 5.5 0.0750093
0.857143 5.57143 0.0755148
0.857143 5.64286 0.0758775
0.857143 5.71429 0.0761402
0.857143 5.78571 0.0763323
0.857143 5.85714 0.0764742
0.857143 5.92857 0.07658
0.857143 6 0.0766594
0.857143 6.07143 0.0767196
0.857143 6.14286 0.0767655
0.857143 6.21429 0.0768007
0.857143 6.28571 0.0768278
0.857143 6.35714 0.0768487
0.857143 6.42857 0.076865
0.857143 6.5 0.0768776
0.857143 6.57143 0.0768875
0.857143 6.64286 0.0768951
0.857143 6.71429 0.0769011
0.857143 6.78571 0.0769058
0.857143 6.85714 0.0769095
0.857143 6.92857 0.0769124
0.857143 7 0.0769146
0.857143 7.07143 0.0769163
0.857143 7.14286 0.0769177
0.857143 7.21429 0.0769187
0.857143 7.28571 0.0769195
0.857143 7.35714 0.07692
0.857143 7.42857 0.0769204
0.857143 7.5 0.0769206
0.857143 7.57143 0.0769207
0.857143 7.64286 0.0769207
0.857143 7.71429 0.0769205
0.857143 7.78571 0.0769201
0.857143 7.85714 0.0769196
0.857143 7.92857 0.0769188
0.857143 8 0.0769178
0.857143 8.07143 0.0769164
0.857143 8.14286 0.0769146
0.857143 8.21429 0.0769122
0.857143 8.28571 0.076909
0.857143 8.35714 0.0769047
0.857143 8.42857 0.076899
0.857143 8.5 0.0768912
0.857143 8.57143 0.0768806
0.857143 8.64286 0.0768658
0.857143 8.71429 0.0768451
0.857143 8.78571 0.0768157
0.857143 8.85714 0.0767733
0.857143 8.92857 0.0767115
0.857143 9 0.0766204
0.857143 9.07143 0.0764848
0.857143 9.14286 0.0762812
0.857143 9.21429 0.0759737
0.857143 9.28571 0.0755079
0.857143 9.35714 0.0748021
0.857143 9.42857 0.073737
0.857143 9.5 0.0721446
0.857143 9.57143 0.0698019
0.857143 9.64286 0.0664411
0.857143 9.71429 0.0617979
0.857143 9.78571 0.0557234
0.857143 9.85714 0.0483637
0.857143 9.92857 0.0403155

0.928571 0 0
0.928571 0.0714286 0
0.928571 0.142857 0
0.928571 0.214286 0
0.928571 0.285714 0
0.928571 0.357143 0
0.928571 0.428571 0
0.928571 0.5 0
0.928571 0.571429 0
0.928571 0.642857 0
0.928571 0.714286 0
0.928571 0.785714 0
0.928571 0.857143 0
0.928571 0.928571 0
0.928571 1 0
0.928571 1.07143 0
0.928571 1.14286 0
0.928571 1.21429 0
0.928571 1.28571 0
0.928571 1.35714 0
0.928571 1.42857 0
0.928571 1.5 0
0.928571 1.57143 0
0.928571 1.64286 0
0.928571 1.71429 0
0.928571 1.78571 0
0.928571 1.85714 0
0.928571 1.92857 0
0.928571 2 0
0.928571 2.07143 0
0.928571 2.14286 0
0.928571 2.21429 0
0.928571 2.28571 0
0.928571 2.35714 0
0.928571 2.42857 0
0.928571 2.5 0
0.928571 2.57143 0
0.928571 2.64286 0
0.928571 2.71429 0
0.928571 2.78571 0
0.928571 2.85714 0
0.928571 2.92857 0
0.928571 3 0
0.928571 3.07143 0
0.928571 3.14286 0
0.928571 3.21429 0
0.928571 3.28571 0
0.928571 3.35714 0
0.928571 3.42857 0
0.928571 3.5 0
0.928571 3.57143 0
0.928571 3.64286 0
0.928571 3.71429 0
0.928571 3.78571 0
0.928571 3.85714 0
0.928571 3.92857 0
0.928571 4 0
0.928571 4.07143 0
0.928571 4.14286 0
0.928571 4.21429 0
0.928571 4.28571 0
0.928571 4.35714 0
0.928571 4.42857 0
0.928571 4.5 0
0.928571 4.57143 0
0.928571 4.64286 0
0.928571 4.71429 0
0.928571 4.78571 0
0.928571 4.85714 0
0.928571 4.92857 0
0.928571 5 0
0.928571 5.07143 0
0.928571 5.14286 0
0.928571 5.21429 0
0.928571 5.28571 0
0.928571 5.35714 0
0.928571 5.42857 0
0.928571 5.5 0
0.928571 5.57143 0
0.928571 5.64286 0
0.928571 5.71429 0
0.928571 5.78571 0
0.928571 5.85714 0
0.928571 5.92857 0
0.928571 6 0
0.928571 6.07143 0
0.928571 6.14286 0
0.928571 6.21429 0
0.928571 6.28571 0
0.928571 6.35714 0
0.928571 6.42857 0
0.928571 6.5 0
0.928571 6.57143 0
0.928571 6.64286 0
0.928571 6.71429 0
0.928571 6.78571 0
0.928571 6.85714 0
0.928571 6.92857 0
0.928571 7 0
0.928571 7.07143 0
0.928571 7.14286 0
0.928571 7.21429 0
0.928571 7.28571 0
0.928571 7.35714 0
0.928571 7.42857 0
0.928571 7.5 0
0.928571 7.57143 0
0.928571 7.64286 0
0.928571 7.71429 0
0.928571 7.78571 0
0.928571 7.85714 0
0.928571 7.92857 0
0.928571 8 0
0.928571 8.07143 0
0.928571 8.14286 0
0.928571 8.21429 0
0.928571 8.28571 0
0.928571 8.35714 0
0.928571 8.42857 0
0.928571 8.5 0
0.928571 8.57143 0
0.928571 8.64286 0
0.928571 8.71429 0
0.928571 8.78571 0
0.928571 8.85714 0
0.928571 8.92857 0
0.928571 9 0
0.928571 9.07143 0
0.928571 9.14286 0
0.928571 9.21429 0
0.928571 9.28571 0
0.928571 9.35714 0
0.928571 9.42857 0
0.928571 9.5 0
0.928571 9.57143 0
0.928571 9.64286 0
0.928571 9.71429 0
0.928571 9.78571 0
0.928571 9.85714 0
0.928571 9.92857 0

