# Iteration 3110, is_converged_ 1
0 0 1
0 0.02 1
0 0.04 1
0 0.06 1
0 0.08 1
0 0.1 1
0 0.12 1
0 0.14 1
0 0.16 1
0 0.18 1
0 0.2 1
0 0.22 1
0 0.24 1
0 0.26 1
0 0.28 1
0 0.3 1
0 0.32 1
0 0.34 1
0 0.36 1
0 0.38 1
0 0.4 1
0 0.42 1
0 0.44 1
0 0.46 1
0 0.48 1
0 0.5 1
0 0.52 1
0 0.54 1
0 0.56 1
0 0.58 1
0 0.6 1
0 0.62 1
0 0.64 1
0 0.66 1
0 0.68 1
0 0.7 1
0 0.72 1
0 0.74 1
0 0.76 1
0 0.78 1
0 0.8 1
0 0.82 1
0 0.84 1
0 0.86 1
0 0.88 1
0 0.9 1
0 0.92 1
0 0.94 1
0 0.96 1
0 0.98 1

0.02 0 0.99997
0.02 0.02 0.99997
0.02 0.04 0.99997
0.02 0.06 0.99997
0.02 0.08 0.99997
0.02 0.1 0.99997
0.02 0.12 0.99997
0.02 0.14 0.99997
0.02 0.16 0.99997
0.02 0.18 0.999971
0.02 0.2 0.999971
0.02 0.22 0.999971
0.02 0.24 0.999971
0.02 0.26 0.999971
0.02 0.28 0.999971
0.02 0.3 0.999971
0.02 0.32 0.999971
0.02 0.34 0.999971
0.02 0.36 0.999971
0.02 0.38 0.999971
0.02 0.4 0.999971
0.02 0.42 0.999971
0.02 0.44 0.999971
0.02 0.46 0.999971
0.02 0.48 0.999971
0.02 0.5 0.999971
0.02 0.52 0.999971
0.02 0.54 0.999971
0.02 0.56 0.999971
0.02 0.58 0.999971
0.02 0.6 0.999971
0.02 0.62 0.999971
0.02 0.64 0.999971
0.02 0.66 0.999971
0.02 0.68 0.999971
0.02 0.7 0.999972
0.02 0.72 0.999972
0.02 0.74 0.999972
0.02 0.76 0.999972
0.02 0.78 0.999972
0.02 0.8 0.999972
0.02 0.82 0.999972
0.02 0.84 0.999972
0.02 0.86 0.999972
0.02 0.88 0.999972
0.02 0.9 0.999972
0.02 0.92 0.999972
0.02 0.94 0.999972
0.02 0.96 0.999972
0.02 0.98 0.999972

0.04 0 0.99994
0.04 0.02 0.99994
0.04 0.04 0.99994
0.04 0.06 0.999941
0.04 0.08 0.999941
0.04 0.1 0.999941
0.04 0.12 0.999941
0.04 0.14 0.999941
0.04 0.16 0.999941
0.04 0.18 0.999941
0.04 0.2 0.999941
0.04 0.22 0.999942
0.04 0.24 0.999942
0.04 0.26 0.999942
0.04 0.28 0.999942
0.04 0.3 0.999942
0.04 0.32 0.999942
0.04 0.34 0.999942
0.04 0.36 0.999942
0.04 0.38 0.999942
0.04 0.4 0.999942
0.04 0.42 0.999942
0.04 0.44 0.999943
0.04 0.46 0.999943
0.04 0.48 0.999943
0.04 0.5 0.999943
0.04 0.52 0.999943
0.04 0.54 0.999943
0.04 0.56 0.999943
0.04 0.58 0.999943
0.04 0.6 0.999943
0.04 0.62 0.999943
0.04 0.64 0.999943
0.04 0.66 0.999943
0.04 0.68 0.999943
0.04 0.7 0.999943
0.04 0.72 0.999943
0.04 0.74 0.999943
0.04 0.76 0.999943
0.04 0.78 0.999943
0.04 0.8 0.999943
0.04 0.82 0.999943
0.04 0.84 0.999943
0.04 0.86 0.999943
0.04 0.88 0.999943
0.04 0.9 0.999943
0.04 0.92 0.999943
0.04 0.94 0.999943
0.04 0.96 0.999943
0.04 0.98 0.999943

0.06 0 0.999911
0.06 0.02 0.999911
0.06 0.04 0.999911
0.06 0.06 0.999911
0.06 0.08 0.999911
0.06 0.1 0.999912
0.06 0.12 0.999912
0.06 0.14 0.999912
0.06 0.16 0.999912
0.06 0.18 0.999912
0.06 0.2 0.999913
0.06 0.22 0.999913
0.06 0.24 0.999913
0.06 0.26 0.999913
0.06 0.28 0.999913
0.06 0.3 0.999913
0.06 0.32 0.999913
0.06 0.34 0.999914
0.06 0.36 0.999914
0.06 0.38 0.999914
0.06 0.4 0.999914
0.06 0.42 0.999914
0.06 0.44 0.999914
0.06 0.46 0.999914
0.06 0.48 0.999914
0.06 0.5 0.999915
0.06 0.52 0.999915
0.06 0.54 0.999915
0.06 0.56 0.999915
0.06 0.58 0.999915
0.06 0.6 0.999915
0.06 0.62 0.999915
0.06 0.64 0.999915
0.06 0.66 0.999915
0.06 0.68 0.999915
0.06 0.7 0.999915
0.06 0.72 0.999915
0.06 0.74 0.999915
0.06 0.76 0.999915
0.06 0.78 0.999915
0.06 0.8 0.999916
0.06 0.82 0.999916
0.06 0.84 0.999916
0.06 0.86 0.999916
0.06 0.88 0.999916
0.06 0.9 0.999916
0.06 0.92 0.999916
0.06 0.94 0.999916
0.06 0.96 0.999916
0.06 0.98 0.999916

0.08 0 0.999882
0.08 0.02 0.999882
0.08 0.04 0.999882
0.08 0.06 0.999882
0.08 0.08 0.999883
0.08 0.1 0.999883
0.08 0.12 0.999883
0.08 0.14 0.999883
0.08 0.16 0.999884
0.08 0.18 0.999884
0.08 0.2 0.999884
0.08 0.22 0.999884
0.08 0.24 0.999885
0.08 0.26 0.999885
0.08 0.28 0.999885
0.08 0.3 0.999885
0.08 0.32 0.999885
0.08 0.34 0.999886
0.08 0.36 0.999886
0.08 0.38 0.999886
0.08 0.4 0.999886
0.08 0.42 0.999886
0.08 0.44 0.999886
0.08 0.46 0.999887
0.08 0.48 0.999887
0.08 0.5 0.999887
0.08 0.52 0.999887
0.08 0.54 0.999887
0.08 0.56 0.999887
0.08 0.58 0.999887
0.08 0.6 0.999887
0.08 0.62 0.999887
0.08 0.64 0.999888
0.08 0.66 0.999888
0.08 0.68 0.999888
0.08 0.7 0.999888
0.08 0.72 0.999888
0.08 0.74 0.999888
0.08 0.76 0.999888
0.08 0.78 0.999888
0.08 0.8 0.999888
0.08 0.82 0.999888
0.08 0.84 0.999888
0.08 0.86 0.999888
0.08 0.88 0.999888
0.08 0.9 0.999888
0.08 0.92 0.999888
0.08 0.94 0.999888
0.08 0.96 0.999888
0.08 0.98 0.999888

0.1 0 0.999853
0.1 0.02 0.999854
0.1 0.04 0.999854
0.1 0.06 0.999854
0.1 0.08 0.999855
0.1 0.1 0.999855
0.1 0.12 0.999855
0.1 0.14 0.999856
0.1 0.16 0.999856
0.1 0.18 0.999856
0.1 0.2 0.999856
0.1 0.22 0.999857
0.1 0.24 0.999857
0.1 0.26 0.999857
0.1 0.28 0.999857
0.1 0.3 0.999858
0.1 0.32 0.999858
0.1 0.34 0.999858
0.1 0.36 0.999858
0.1 0.38 0.999859
0.1 0.4 0.999859
0.1 0.42 0.999859
0.1 0.44 0.999859
0.1 0.46 0.999859
0.1 0.48 0.99986
0.1 0.5 0.99986
0.1 0.52 0.99986
0.1 0.54 0.99986
0.1 0.56 0.99986
0.1 0.58 0.99986
0.1 0.6 0.99986
0.1 0.62 0.999861
0.1 0.64 0.999861
0.1 0.66 0.999861
0.1 0.68 0.999861
0.1 0.7 0.999861
0.1 0.72 0.999861
0.1 0.74 0.999861
0.1 0.76 0.999861
0.1 0.78 0.999861
0.1 0.8 0.999861
0.1 0.82 0.999861
0.1 0.84 0.999861
0.1 0.86 0.999861
0.1 0.88 0.999861
0.1 0.9 0.999861
0.1 0.92 0.999862
0.1 0.94 0.999862
0.1 0.96 0.999862
0.1 0.98 0.999862

0.12 0 0.999826
0.12 0.02 0.999826
0.12 0.04 0.999827
0.12 0.06 0.999827
0.12 0.08 0.999827
0.12 0.1 0.999828
0.12 0.12 0.999828
0.12 0.14 0.999828
0.12 0.16 0.999829
0.12 0.18 0.999829
0.12 0.2 0.999829
0.12 0.22 0.99983
0.12 0.24 0.99983
0.12 0.26 0.99983
0.12 0.28 0.999831
0.12 0.3 0.999831
0.12 0.32 0.999831
0.12 0.34 0.999831
0.12 0.36 0.999832
0.12 0.38 0.999832
0.12 0.4 0.999832
0.12 0.42 0.999832
0.12 0.44 0.999833
0.12 0.46 0.999833
0.12 0.48 0.999833
0.12 0.5 0.999833
0.12 0.52 0.999833
0.12 0.54 0.999834
0.12 0.56 0.999834
0.12 0.58 0.999834
0.12 0.6 0.999834
0.12 0.62 0.999834
0.12 0.64 0.999834
0.12 0.66 0.999835
0.12 0.68 0.999835
0.12 0.7 0.999835
0.12 0.72 0.999835
0.12 0.74 0.999835
0.12 0.76 0.999835
0.12 0.78 0.999835
0.12 0.8 0.999835
0.12 0.82 0.999835
0.12 0.84 0.999835
0.12 0.86 0.999835
0.12 0.88 0.999835
0.12 0.9 0.999835
0.12 0.92 0.999835
0.12 0.94 0.999835
0.12 0.96 0.999835
0.12 0.98 0.999835

0.14 0 0.999799
0.14 0.02 0.9998
0.14 0.04 0.9998
0.14 0.06 0.9998
0.14 0.08 0.999801
0.14 0.1 0.999801
0.14 0.12 0.999802
0.14 0.14 0.999802
0.14 0.16 0.999803
0.14 0.18 0.999803
0.14 0.2 0.999803
0.14 0.22 0.999804
0.14 0.24 0.999804
0.14 0.26 0.999804
0.14 0.28 0.999805
0.14 0.3 0.999805
0.14 0.32 0.999805
0.14 0.34 0.999806
0.14 0.36 0.999806
0.14 0.38 0.999806
0.14 0.4 0.999807
0.14 0.42 0.999807
0.14 0.44 0.999807
0.14 0.46 0.999807
0.14 0.48 0.999808
0.14 0.5 0.999808
0.14 0.52 0.999808
0.14 0.54 0.999808
0.14 0.56 0.999808
0.14 0.58 0.999809
0.14 0.6 0.999809
0.14 0.62 0.999809
0.14 0.64 0.999809
0.14 0.66 0.999809
0.14 0.68 0.999809
0.14 0.7 0.999809
0.14 0.72 0.99981
0.14 0.74 0.99981
0.14 0.76 0.99981
0.14 0.78 0.99981
0.14 0.8 0.99981
0.14 0.82 0.99981
0.14 0.84 0.99981
0.14 0.86 0.99981
0.14 0.88 0.99981
0.14 0.9 0.99981
0.14 0.92 0.99981
0.14 0.94 0.99981
0.14 0.96 0.99981
0.14 0.98 0.99981

0.16 0 0.999773
0.16 0.02 0.999774
0.16 0.04 0.999774
0.16 0.06 0.999775
0.16 0.08 0.999775
0.16 0.1 0.999776
0.16 0.12 0.999776
0.16 0.14 0.999777
0.16 0.16 0.999777
0.16 0.18 0.999778
0.16 0.2 0.999778
0.16 0.22 0.999779
0.16 0.24 0.999779
0.16 0.26 0.999779
0.16 0.28 0.99978
0.16 0.3 0.99978
0.16 0.32 0.99978
0.16 0.34 0.999781
0.16 0.36 0.999781
0.16 0.38 0.999781
0.16 0.4 0.999782
0.16 0.42 0.999782
0.16 0.44 0.999782
0.16 0.46 0.999783
0.16 0.48 0.999783
0.16 0.5 0.999783
0.16 0.52 0.999783
0.16 0.54 0.999784
0.16 0.56 0.999784
0.16 0.58 0.999784
0.16 0.6 0.999784
0.16 0.62 0.999784
0.16 0.64 0.999785
0.16 0.66 0.999785
0.16 0.68 0.999785
0.16 0.7 0.999785
0.16 0.72 0.999785
0.16 0.74 0.999785
0.16 0.76 0.999785
0.16 0.78 0.999786
0.16 0.8 0.999786
0.16 0.82 0.999786
0.16 0.84 0.999786
0.16 0.86 0.999786
0.16 0.88 0.999786
0.16 0.9 0.999786
0.16 0.92 0.999786
0.16 0.94 0.999786
0.16 0.96 0.999786
0.16 0.98 0.999786

0.18 0 0.999749
0.18 0.02 0.999749
0.18 0.04 0.99975
0.18 0.06 0.999751
0.18 0.08 0.999751
0.18 0.1 0.999752
0.18 0.12 0.999752
0.18 0.14 0.999753
0.18 0.16 0.999753
0.18 0.18 0.999754
0.18 0.2 0.999754
0.18 0.22 0.999755
0.18 0.24 0.999755
0.18 0.26 0.999756
0.18 0.28 0.999756
0.18 0.3 0.999756
0.18 0.32 0.999757
0.18 0.34 0.999757
0.18 0.36 0.999757
0.18 0.38 0.999758
0.18 0.4 0.999758
0.18 0.42 0.999759
0.18 0.44 0.999759
0.18 0.46 0.999759
0.18 0.48 0.999759
0.18 0.5 0.99976
0.18 0.52 0.99976
0.18 0.54 0.99976
0.18 0.56 0.99976
0.18 0.58 0.999761
0.18 0.6 0.999761
0.18 0.62 0.999761
0.18 0.64 0.999761
0.18 0.66 0.999762
0.18 0.68 0.999762
0.18 0.7 0.999762
0.18 0.72 0.999762
0.18 0.74 0.999762
0.18 0.76 0.999762
0.18 0.78 0.999762
0.18 0.8 0.999762
0.18 0.82 0.999763
0.18 0.84 0.999763
0.18 0.86 0.999763
0.18 0.88 0.999763
0.18 0.9 0.999763
0.18 0.92 0.999763
0.18 0.94 0.999763
0.18 0.96 0.999763
0.18 0.98 0.999763

0.2 0 0.999726
0.2 0.02 0.999726
0.2 0.04 0.999727
0.2 0.06 0.999727
0.2 0.08 0.999728
0.2 0.1 0.999729
0.2 0.12 0.999729
0.2 0.14 0.99973
0.2 0.16 0.99973
0.2 0.18 0.999731
0.2 0.2 0.999731
0.2 0.22 0.999732
0.2 0.24 0.999732
0.2 0.26 0.999733
0.2 0.28 0.999733
0.2 0.3 0.999734
0.2 0.32 0.999734
0.2 0.34 0.999735
0.2 0.36 0.999735
0.2 0.38 0.999735
0.2 0.4 0.999736
0.2 0.42 0.999736
0.2 0.44 0.999736
0.2 0.46 0.999737
0.2 0.48 0.999737
0.2 0.5 0.999737
0.2 0.52 0.999738
0.2 0.54 0.999738
0.2 0.56 0.999738
0.2 0.58 0.999739
0.2 0.6 0.999739
0.2 0.62 0.999739
0.2 0.64 0.999739
0.2 0.66 0.999739
0.2 0.68 0.99974
0.2 0.7 0.99974
0.2 0.72 0.99974
0.2 0.74 0.99974
0.2 0.76 0.99974
0.2 0.78 0.99974
0.2 0.8 0.99974
0.2 0.82 0.999741
0.2 0.84 0.999741
0.2 0.86 0.999741
0.2 0.88 0.999741
0.2 0.9 0.999741
0.2 0.92 0.999741
0.2 0.94 0.999741
0.2 0.96 0.999741
0.2 0.98 0.999741

0.22 0 0.999704
0.22 0.02 0.999704
0.22 0.04 0.999705
0.22 0.06 0.999706
0.22 0.08 0.999706
0.22 0.1 0.999707
0.22 0.12 0.999708
0.22 0.14 0.999708
0.22 0.16 0.999709
0.22 0.18 0.999709
0.22 0.2 0.99971
0.22 0.22 0.99971
0.22 0.24 0.999711
0.22 0.26 0.999712
0.22 0.28 0.999712
0.22 0.3 0.999713
0.22 0.32 0.999713
0.22 0.34 0.999713
0.22 0.36 0.999714
0.22 0.38 0.999714
0.22 0.4 0.999715
0.22 0.42 0.999715
0.22 0.44 0.999715
0.22 0.46 0.999716
0.22 0.48 0.999716
0.22 0.5 0.999716
0.22 0.52 0.999717
0.22 0.54 0.999717
0.22 0.56 0.999717
0.22 0.58 0.999718
0.22 0.6 0.999718
0.22 0.62 0.999718
0.22 0.64 0.999718
0.22 0.66 0.999719
0.22 0.68 0.999719
0.22 0.7 0.999719
0.22 0.72 0.999719
0.22 0.74 0.999719
0.22 0.76 0.99972
0.22 0.78 0.99972
0.22 0.8 0.99972
0.22 0.82 0.99972
0.22 0.84 0.99972
0.22 0.86 0.99972
0.22 0.88 0.99972
0.22 0.9 0.99972
0.22 0.92 0.99972
0.22 0.94 0.99972
0.22 0.96 0.99972
0.22 0.98 0.99972

0.24 0 0.999683
0.24 0.02 0.999684
0.24 0.04 0.999685
0.24 0.06 0.999685
0.24 0.08 0.999686
0.24 0.1 0.999687
0.24 0.12 0.999687
0.24 0.14 0.999688
0.24 0.16 0.999689
0.24 0.18 0.999689
0.24 0.2 0.99969
0.24 0.22 0.999691
0.24 0.24 0.999691
0.24 0.26 0.999692
0.24 0.28 0.999692
0.24 0.3 0.999693
0.24 0.32 0.999693
0.24 0.34 0.999694
0.24 0.36 0.999694
0.24 0.38 0.999695
0.24 0.4 0.999695
0.24 0.42 0.999695
0.24 0.44 0.999696
0.24 0.46 0.999696
0.24 0.48 0.999697
0.24 0.5 0.999697
0.24 0.52 0.999697
0.24 0.54 0.999698
0.24 0.56 0.999698
0.24 0.58 0.999698
0.24 0.6 0.999698
0.24 0.62 0.999699
0.24 0.64 0.999699
0.24 0.66 0.999699
0.24 0.68 0.999699
0.24 0.7 0.9997
0.24 0.72 0.9997
0.24 0.74 0.9997
0.24 0.76 0.9997
0.24 0.78 0.9997
0.24 0.8 0.9997
0.24 0.82 0.999701
0.24 0.84 0.999701
0.24 0.86 0.999701
0.24 0.88 0.999701
0.24 0.9 0.999701
0.24 0.92 0.999701
0.24 0.94 0.999701
0.24 0.96 0.999701
0.24 0.98 0.999701

0.26 0 0.999664
0.26 0.02 0.999665
0.26 0.04 0.999666
0.26 0.06 0.999667
0.26 0.08 0.999667
0.26 0.1 0.999668
0.26 0.12 0.999669
0.26 0.14 0.99967
0.26 0.16 0.99967
0.26 0.18 0.999671
0.26 0.2 0.999671
0.26 0.22 0.999672
0.26 0.24 0.999673
0.26 0.26 0.999673
0.26 0.28 0.999674
0.26 0.3 0.999674
0.26 0.32 0.999675
0.26 0.34 0.999675
0.26 0.36 0.999676
0.26 0.38 0.999676
0.26 0.4 0.999677
0.26 0.42 0.999677
0.26 0.44 0.999678
0.26 0.46 0.999678
0.26 0.48 0.999678
0.26 0.5 0.999679
0.26 0.52 0.999679
0.26 0.54 0.99968
0.26 0.56 0.99968
0.26 0.58 0.99968
0.26 0.6 0.99968
0.26 0.62 0.999681
0.26 0.64 0.999681
0.26 0.66 0.999681
0.26 0.68 0.999681
0.26 0.7 0.999682
0.26 0.72 0.999682
0.26 0.74 0.999682
0.26 0.76 0.999682
0.26 0.78 0.999682
0.26 0.8 0.999683
0.26 0.82 0.999683
0.26 0.84 0.999683
0.26 0.86 0.999683
0.26 0.88 0.999683
0.26 0.9 0.999683
0.26 0.92 0.999683
0.26 0.94 0.999683
0.26 0.96 0.999683
0.26 0.98 0.999683

0.28 0 0.999647
0.28 0.02 0.999648
0.28 0.04 0.999649
0.28 0.06 0.99965
0.28 0.08 0.99965
0.28 0.1 0.999651
0.28 0.12 0.999652
0.28 0.14 0.999653
0.28 0.16 0.999653
0.28 0.18 0.999654
0.28 0.2 0.999655
0.28 0.22 0.999655
0.28 0.24 0.999656
0.28 0.26 0.999656
0.28 0.28 0.999657
0.28 0.3 0.999658
0.28 0.32 0.999658
0.28 0.34 0.999659
0.28 0.36 0.999659
0.28 0.38 0.99966
0.28 0.4 0.99966
0.28 0.42 0.999661
0.28 0.44 0.999661
0.28 0.46 0.999662
0.28 0.48 0.999662
0.28 0.5 0.999662
0.28 0.52 0.999663
0.28 0.54 0.999663
0.28 0.56 0.999663
0.28 0.58 0.999664
0.28 0.6 0.999664
0.28 0.62 0.999664
0.28 0.64 0.999665
0.28 0.66 0.999665
0.28 0.68 0.999665
0.28 0.7 0.999665
0.28 0.72 0.999666
0.28 0.74 0.999666
0.28 0.76 0.999666
0.28 0.78 0.999666
0.28 0.8 0.999666
0.28 0.82 0.999666
0.28 0.84 0.999666
0.28 0.86 0.999667
0.28 0.88 0.999667
0.28 0.9 0.999667
0.28 0.92 0.999667
0.28 0.94 0.999667
0.28 0.96 0.999667
0.28 0.98 0.999667

0.3 0 0.999632
0.3 0.02 0.999632
0.3 0.04 0.999633
0.3 0.06 0.999634
0.3 0.08 0.999635
0.3 0.1 0.999636
0.3 0.12 0.999636
0.3 0.14 0.999637
0.3 0.16 0.999638
0.3 0.18 0.999639
0.3 0.2 0.999639
0.3 0.22 0.99964
0.3 0.24 0.999641
0.3 0.26 0.999641
0.3 0.28 0.999642
0.3 0.3 0.999643
0.3 0.32 0.999643
0.3 0.34 0.999644
0.3 0.36 0.999644
0.3 0.38 0.999645
0.3 0.4 0.999645
0.3 0.42 0.999646
0.3 0.44 0.999646
0.3 0.46 0.999647
0.3 0.48 0.999647
0.3 0.5 0.999647
0.3 0.52 0.999648
0.3 0.54 0.999648
0.3 0.56 0.999649
0.3 0.58 0.999649
0.3 0.6 0.999649
0.3 0.62 0.99965
0.3 0.64 0.99965
0.3 0.66 0.99965
0.3 0.68 0.99965
0.3 0.7 0.999651
0.3 0.72 0.999651
0.3 0.74 0.999651
0.3 0.76 0.999651
0.3 0.78 0.999651
0.3 0.8 0.999652
0.3 0.82 0.999652
0.3 0.84 0.999652
0.3 0.86 0.999652
0.3 0.88 0.999652
0.3 0.9 0.999652
0.3 0.92 0.999652
0.3 0.94 0.999652
0.3 0.96 0.999652
0.3 0.98 0.999652

0.32 0 0.999618
0.32 0.02 0.999619
0.32 0.04 0.99962
0.32 0.06 0.99962
0.32 0.08 0.999621
0.32 0.1 0.999622
0.32 0.12 0.999623
0.32 0.14 0.999624
0.32 0.16 0.999624
0.32 0.18 0.999625
0.32 0.2 0.999626
0.32 0.22 0.999627
0.32 0.24 0.999627
0.32 0.26 0.999628
0.32 0.28 0.999629
0.32 0.3 0.999629
0.32 0.32 0.99963
0.32 0.34 0.99963
0.32 0.36 0.999631
0.32 0.38 0.999631
0.32 0.4 0.999632
0.32 0.42 0.999633
0.32 0.44 0.999633
0.32 0.46 0.999633
0.32 0.48 0.999634
0.32 0.5 0.999634
0.32 0.52 0.999635
0.32 0.54 0.999635
0.32 0.56 0.999636
0.32 0.58 0.999636
0.32 0.6 0.999636
0.32 0.62 0.999637
0.32 0.64 0.999637
0.32 0.66 0.999637
0.32 0.68 0.999637
0.32 0.7 0.999638
0.32 0.72 0.999638
0.32 0.74 0.999638
0.32 0.76 0.999638
0.32 0.78 0.999638
0.32 0.8 0.999639
0.32 0.82 0.999639
0.32 0.84 0.999639
0.32 0.86 0.999639
0.32 0.88 0.999639
0.32 0.9 0.999639
0.32 0.92 0.999639
0.32 0.94 0.999639
0.32 0.96 0.999639
0.32 0.98 0.999639

0.34 0 0.999606
0.34 0.02 0.999607
0.34 0.04 0.999608
0.34 0.06 0.999609
0.34 0.08 0.99961
0.34 0.1 0.99961
0.34 0.12 0.999611
0.34 0.14 0.999612
0.34 0.16 0.999613
0.34 0.18 0.999614
0.34 0.2 0.999614
0.34 0.22 0.999615
0.34 0.24 0.999616
0.34 0.26 0.999616
0.34 0.28 0.999617
0.34 0.3 0.999618
0.34 0.32 0.999618
0.34 0.34 0.999619
0.34 0.36 0.999619
0.34 0.38 0.99962
0.34 0.4 0.999621
0.34 0.42 0.999621
0.34 0.44 0.999622
0.34 0.46 0.999622
0.34 0.48 0.999623
0.34 0.5 0.999623
0.34 0.52 0.999623
0.34 0.54 0.999624
0.34 0.56 0.999624
0.34 0.58 0.999625
0.34 0.6 0.999625
0.34 0.62 0.999625
0.34 0.64 0.999626
0.34 0.66 0.999626
0.34 0.68 0.999626
0.34 0.7 0.999626
0.34 0.72 0.999627
0.34 0.74 0.999627
0.34 0.76 0.999627
0.34 0.78 0.999627
0.34 0.8 0.999627
0.34 0.82 0.999627
0.34 0.84 0.999628
0.34 0.86 0.999628
0.34 0.88 0.999628
0.34 0.9 0.999628
0.34 0.92 0.999628
0.34 0.94 0.999628
0.34 0.96 0.999628
0.34 0.98 0.999628

0.36 0 0.999596
0.36 0.02 0.999597
0.36 0.04 0.999598
0.36 0.06 0.999599
0.36 0.08 0.9996
0.36 0.1 0.999601
0.36 0.12 0.999601
0.36 0.14 0.999602
0.36 0.16 0.999603
0.36 0.18 0.999604
0.36 0.2 0.999605
0.36 0.22 0.999605
0.36 0.24 0.999606
0.36 0.26 0.999607
0.36 0.28 0.999607
0.36 0.3 0.999608
0.36 0.32 0.999609
0.36 0.34 0.999609
0.36 0.36 0.99961
0.36 0.38 0.99961
0.36 0.4 0.999611
0.36 0.42 0.999611
0.36 0.44 0.999612
0.36 0.46 0.999612
0.36 0.48 0.999613
0.36 0.5 0.999613
0.36 0.52 0.999614
0.36 0.54 0.999614
0.36 0.56 0.999615
0.36 0.58 0.999615
0.36 0.6 0.999615
0.36 0.62 0.999616
0.36 0.64 0.999616
0.36 0.66 0.999616
0.36 0.68 0.999617
0.36 0.7 0.999617
0.36 0.72 0.999617
0.36 0.74 0.999617
0.36 0.76 0.999618
0.36 0.78 0.999618
0.36 0.8 0.999618
0.36 0.82 0.999618
0.36 0.84 0.999618
0.36 0.86 0.999618
0.36 0.88 0.999618
0.36 0.9 0.999618
0.36 0.92 0.999618
0.36 0.94 0.999619
0.36 0.96 0.999619
0.36 0.98 0.999619

0.38 0 0.999588
0.38 0.02 0.999589
0.38 0.04 0.99959
0.38 0.06 0.999591
0.38 0.08 0.999592
0.38 0.1 0.999593
0.38 0.12 0.999593
0.38 0.14 0.999594
0.38 0.16 0.999595
0.38 0.18 0.999596
0.38 0.2 0.999597
0.38 0.22 0.999597
0.38 0.24 0.999598
0.38 0.26 0.999599
0.38 0.28 0.9996
0.38 0.3 0.9996
0.38 0.32 0.999601
0.38 0.34 0.999601
0.38 0.36 0.999602
0.38 0.38 0.999603
0.38 0.4 0.999603
0.38 0.42 0.999604
0.38 0.44 0.999604
0.38 0.46 0.999605
0.38 0.48 0.999605
0.38 0.5 0.999606
0.38 0.52 0.999606
0.38 0.54 0.999607
0.38 0.56 0.999607
0.38 0.58 0.999607
0.38 0.6 0.999608
0.38 0.62 0.999608
0.38 0.64 0.999608
0.38 0.66 0.999609
0.38 0.68 0.999609
0.38 0.7 0.999609
0.38 0.72 0.99961
0.38 0.74 0.99961
0.38 0.76 0.99961
0.38 0.78 0.99961
0.38 0.8 0.99961
0.38 0.82 0.99961
0.38 0.84 0.999611
0.38 0.86 0.999611
0.38 0.88 0.999611
0.38 0.9 0.999611
0.38 0.92 0.999611
0.38 0.94 0.999611
0.38 0.96 0.999611
0.38 0.98 0.999611

0.4 0 0.999582
0.4 0.02 0.999583
0.4 0.04 0.999584
0.4 0.06 0.999585
0.4 0.08 0.999586
0.4 0.1 0.999587
0.4 0.12 0.999587
0.4 0.14 0.999588
0.4 0.16 0.999589
0.4 0.18 0.99959
0.4 0.2 0.999591
0.4 0.22 0.999592
0.4 0.24 0.999592
0.4 0.26 0.999593
0.4 0.28 0.999594
0.4 0.3 0.999594
0.4 0.32 0.999595
0.4 0.34 0.999596
0.4 0.36 0.999596
0.4 0.38 0.999597
0.4 0.4 0.999597
0.4 0.42 0.999598
0.4 0.44 0.999598
0.4 0.46 0.999599
0.4 0.48 0.999599
0.4 0.5 0.9996
0.4 0.52 0.9996
0.4 0.54 0.999601
0.4 0.56 0.999601
0.4 0.58 0.999602
0.4 0.6 0.999602
0.4 0.62 0.999602
0.4 0.64 0.999603
0.4 0.66 0.999603
0.4 0.68 0.999603
0.4 0.7 0.999604
0.4 0.72 0.999604
0.4 0.74 0.999604
0.4 0.76 0.999604
0.4 0.78 0.999604
0.4 0.8 0.999605
0.4 0.82 0.999605
0.4 0.84 0.999605
0.4 0.86 0.999605
0.4 0.88 0.999605
0.4 0.9 0.999605
0.4 0.92 0.999605
0.4 0.94 0.999605
0.4 0.96 0.999605
0.4 0.98 0.999605

0.42 0 0.999578
0.42 0.02 0.999579
0.42 0.04 0.99958
0.42 0.06 0.999581
0.42 0.08 0.999582
0.42 0.1 0.999583
0.42 0.12 0.999583
0.42 0.14 0.999584
0.42 0.16 0.999585
0.42 0.18 0.999586
0.42 0.2 0.999587
0.42 0.22 0.999588
0.42 0.24 0.999588
0.42 0.26 0.999589
0.42 0.28 0.99959
0.42 0.3 0.99959
0.42 0.32 0.999591
0.42 0.34 0.999592
0.42 0.36 0.999592
0.42 0.38 0.999593
0.42 0.4 0.999594
0.42 0.42 0.999594
0.42 0.44 0.999595
0.42 0.46 0.999595
0.42 0.48 0.999596
0.42 0.5 0.999596
0.42 0.52 0.999597
0.42 0.54 0.999597
0.42 0.56 0.999597
0.42 0.58 0.999598
0.42 0.6 0.999598
0.42 0.62 0.999598
0.42 0.64 0.999599
0.42 0.66 0.999599
0.42 0.68 0.999599
0.42 0.7 0.9996
0.42 0.72 0.9996
0.42 0.74 0.9996
0.42 0.76 0.9996
0.42 0.78 0.999601
0.42 0.8 0.999601
0.42 0.82 0.999601
0.42 0.84 0.999601
0.42 0.86 0.999601
0.42 0.88 0.999601
0.42 0.9 0.999601
0.42 0.92 0.999601
0.42 0.94 0.999601
0.42 0.96 0.999601
0.42 0.98 0.999601

0.44 0 0.999576
0.44 0.02 0.999577
0.44 0.04 0.999578
0.44 0.06 0.999579
0.44 0.08 0.99958
0.44 0.1 0.999581
0.44 0.12 0.999581
0.44 0.14 0.999582
0.44 0.16 0.999583
0.44 0.18 0.999584
0.44 0.2 0.999585
0.44 0.22 0.999586
0.44 0.24 0.999586
0.44 0.26 0.999587
0.44 0.28 0.999588
0.44 0.3 0.999588
0.44 0.32 0.999589
0.44 0.34 0.99959
0.44 0.36 0.99959
0.44 0.38 0.999591
0.44 0.4 0.999592
0.44 0.42 0.999592
0.44 0.44 0.999593
0.44 0.46 0.999593
0.44 0.48 0.999594
0.44 0.5 0.999594
0.44 0.52 0.999595
0.44 0.54 0.999595
0.44 0.56 0.999595
0.44 0.58 0.999596
0.44 0.6 0.999596
0.44 0.62 0.999597
0.44 0.64 0.999597
0.44 0.66 0.999597
0.44 0.68 0.999597
0.44 0.7 0.999598
0.44 0.72 0.999598
0.44 0.74 0.999598
0.44 0.76 0.999598
0.44 0.78 0.999599
0.44 0.8 0.999599
0.44 0.82 0.999599
0.44 0.84 0.999599
0.44 0.86 0.999599
0.44 0.88 0.999599
0.44 0.9 0.999599
0.44 0.92 0.999599
0.44 0.94 0.999599
0.44 0.96 0.9996
0.44 0.98 0.9996

0.46 0 0.999576
0.46 0.02 0.999577
0.46 0.04 0.999578
0.46 0.06 0.999579
0.46 0.08 0.99958
0.46 0.1 0.999581
0.46 0.12 0.999581
0.46 0.14 0.999582
0.46 0.16 0.999583
0.46 0.18 0.999584
0.46 0.2 0.999585
0.46 0.22 0.999586
0.46 0.24 0.999586
0.46 0.26 0.999587
0.46 0.28 0.999588
0.46 0.3 0.999588
0.46 0.32 0.999589
0.46 0.34 0.99959
0.46 0.36 0.99959
0.46 0.38 0.999591
0.46 0.4 0.999592
0.46 0.42 0.999592
0.46 0.44 0.999593
0.46 0.46 0.999593
0.46 0.48 0.999594
0.46 0.5 0.999594
0.46 0.52 0.999595
0.46 0.54 0.999595
0.46 0.56 0.999595
0.46 0.58 0.999596
0.46 0.6 0.999596
0.46 0.62 0.999597
0.46 0.64 0.999597
0.46 0.66 0.999597
0.46 0.68 0.999597
0.46 0.7 0.999598
0.46 0.72 0.999598
0.46 0.74 0.999598
0.46 0.76 0.999598
0.46 0.78 0.999599
0.46 0.8 0.999599
0.46 0.82 0.999599
0.46 0.84 0.999599
0.46 0.86 0.999599
0.46 0.88 0.999599
0.46 0.9 0.999599
0.46 0.92 0.999599
0.46 0.94 0.999599
0.46 0.96 0.9996
0.46 0.98 0.9996

0.48 0 -1.79769e+308
0.48 0.02 -1.79769e+308
0.48 0.04 -1.79769e+308
0.48 0.06 -1.79769e+308
0.48 0.08 -1.79769e+308
0.48 0.1 -1.79769e+308
0.48 0.12 -1.79769e+308
0.48 0.14 -1.79769e+308
0.48 0.16 -1.79769e+308
0.48 0.18 -1.79769e+308
0.48 0.2 -1.79769e+308
0.48 0.22 -1.79769e+308
0.48 0.24 -1.79769e+308
0.48 0.26 -1.79769e+308
0.48 0.28 -1.79769e+308
0.48 0.3 -1.79769e+308
0.48 0.32 -1.79769e+308
0.48 0.34 -1.79769e+308
0.48 0.36 -1.79769e+308
0.48 0.38 -1.79769e+308
0.48 0.4 -1.79769e+308
0.48 0.42 -1.79769e+308
0.48 0.44 -1.79769e+308
0.48 0.46 -1.79769e+308
0.48 0.48 -1.79769e+308
0.48 0.5 -1.79769e+308
0.48 0.52 -1.79769e+308
0.48 0.54 -1.79769e+308
0.48 0.56 -1.79769e+308
0.48 0.58 -1.79769e+308
0.48 0.6 -1.79769e+308
0.48 0.62 -1.79769e+308
0.48 0.64 -1.79769e+308
0.48 0.66 -1.79769e+308
0.48 0.68 -1.79769e+308
0.48 0.7 -1.79769e+308
0.48 0.72 -1.79769e+308
0.48 0.74 -1.79769e+308
0.48 0.76 -1.79769e+308
0.48 0.78 -1.79769e+308
0.48 0.8 -1.79769e+308
0.48 0.82 -1.79769e+308
0.48 0.84 -1.79769e+308
0.48 0.86 -1.79769e+308
0.48 0.88 -1.79769e+308
0.48 0.9 -1.79769e+308
0.48 0.92 -1.79769e+308
0.48 0.94 -1.79769e+308
0.48 0.96 -1.79769e+308
0.48 0.98 -1.79769e+308

0.5 0 -1.79769e+308
0.5 0.02 -1.79769e+308
0.5 0.04 -1.79769e+308
0.5 0.06 -1.79769e+308
0.5 0.08 -1.79769e+308
0.5 0.1 -1.79769e+308
0.5 0.12 -1.79769e+308
0.5 0.14 -1.79769e+308
0.5 0.16 -1.79769e+308
0.5 0.18 -1.79769e+308
0.5 0.2 -1.79769e+308
0.5 0.22 -1.79769e+308
0.5 0.24 -1.79769e+308
0.5 0.26 -1.79769e+308
0.5 0.28 -1.79769e+308
0.5 0.3 -1.79769e+308
0.5 0.32 -1.79769e+308
0.5 0.34 -1.79769e+308
0.5 0.36 -1.79769e+308
0.5 0.38 -1.79769e+308
0.5 0.4 -1.79769e+308
0.5 0.42 -1.79769e+308
0.5 0.44 -1.79769e+308
0.5 0.46 -1.79769e+308
0.5 0.48 -1.79769e+308
0.5 0.5 -1.79769e+308
0.5 0.52 -1.79769e+308
0.5 0.54 -1.79769e+308
0.5 0.56 -1.79769e+308
0.5 0.58 -1.79769e+308
0.5 0.6 -1.79769e+308
0.5 0.62 -1.79769e+308
0.5 0.64 -1.79769e+308
0.5 0.66 -1.79769e+308
0.5 0.68 -1.79769e+308
0.5 0.7 -1.79769e+308
0.5 0.72 -1.79769e+308
0.5 0.74 -1.79769e+308
0.5 0.76 -1.79769e+308
0.5 0.78 -1.79769e+308
0.5 0.8 -1.79769e+308
0.5 0.82 -1.79769e+308
0.5 0.84 -1.79769e+308
0.5 0.86 -1.79769e+308
0.5 0.88 -1.79769e+308
0.5 0.9 -1.79769e+308
0.5 0.92 -1.79769e+308
0.5 0.94 -1.79769e+308
0.5 0.96 -1.79769e+308
0.5 0.98 -1.79769e+308

0.52 0 -1.79769e+308
0.52 0.02 -1.79769e+308
0.52 0.04 -1.79769e+308
0.52 0.06 -1.79769e+308
0.52 0.08 -1.79769e+308
0.52 0.1 -1.79769e+308
0.52 0.12 -1.79769e+308
0.52 0.14 -1.79769e+308
0.52 0.16 -1.79769e+308
0.52 0.18 -1.79769e+308
0.52 0.2 -1.79769e+308
0.52 0.22 -1.79769e+308
0.52 0.24 -1.79769e+308
0.52 0.26 -1.79769e+308
0.52 0.28 -1.79769e+308
0.52 0.3 -1.79769e+308
0.52 0.32 -1.79769e+308
0.52 0.34 -1.79769e+308
0.52 0.36 -1.79769e+308
0.52 0.38 -1.79769e+308
0.52 0.4 -1.79769e+308
0.52 0.42 -1.79769e+308
0.52 0.44 -1.79769e+308
0.52 0.46 -1.79769e+308
0.52 0.48 -1.79769e+308
0.52 0.5 -1.79769e+308
0.52 0.52 -1.79769e+308
0.52 0.54 -1.79769e+308
0.52 0.56 -1.79769e+308
0.52 0.58 -1.79769e+308
0.52 0.6 -1.79769e+308
0.52 0.62 -1.79769e+308
0.52 0.64 -1.79769e+308
0.52 0.66 -1.79769e+308
0.52 0.68 -1.79769e+308
0.52 0.7 -1.79769e+308
0.52 0.72 -1.79769e+308
0.52 0.74 -1.79769e+308
0.52 0.76 -1.79769e+308
0.52 0.78 -1.79769e+308
0.52 0.8 -1.79769e+308
0.52 0.82 -1.79769e+308
0.52 0.84 -1.79769e+308
0.52 0.86 -1.79769e+308
0.52 0.88 -1.79769e+308
0.52 0.9 -1.79769e+308
0.52 0.92 -1.79769e+308
0.52 0.94 -1.79769e+308
0.52 0.96 -1.79769e+308
0.52 0.98 -1.79769e+308

0.54 0 0.000219277
0.54 0.02 0.000218712
0.54 0.04 0.00021816
0.54 0.06 0.00021762
0.54 0.08 0.000217094
0.54 0.1 0.00021658
0.54 0.12 0.00021608
0.54 0.14 0.000215592
0.54 0.16 0.000215116
0.54 0.18 0.000214654
0.54 0.2 0.000214203
0.54 0.22 0.000213766
0.54 0.24 0.000213341
0.54 0.26 0.000212928
0.54 0.28 0.000212527
0.54 0.3 0.000212139
0.54 0.32 0.000211763
0.54 0.34 0.000211399
0.54 0.36 0.000211047
0.54 0.38 0.000210708
0.54 0.4 0.00021038
0.54 0.42 0.000210064
0.54 0.44 0.00020976
0.54 0.46 0.000209468
0.54 0.48 0.000209188
0.54 0.5 0.000208919
0.54 0.52 0.000208662
0.54 0.54 0.000208417
0.54 0.56 0.000208183
0.54 0.58 0.000207961
0.54 0.6 0.00020775
0.54 0.62 0.000207551
0.54 0.64 0.000207363
0.54 0.66 0.000207187
0.54 0.68 0.000207022
0.54 0.7 0.000206868
0.54 0.72 0.000206725
0.54 0.74 0.000206594
0.54 0.76 0.000206473
0.54 0.78 0.000206364
0.54 0.8 0.000206266
0.54 0.82 0.000206179
0.54 0.84 0.000206103
0.54 0.86 0.000206038
0.54 0.88 0.000205983
0.54 0.9 0.00020594
0.54 0.92 0.000205908
0.54 0.94 0.000205886
0.54 0.96 0.000205875
0.54 0.98 0.000205875

0.56 0 0.000218712
0.56 0.02 0.000218148
0.56 0.04 0.000217597
0.56 0.06 0.000217059
0.56 0.08 0.000216534
0.56 0.1 0.000216022
0.56 0.12 0.000215523
0.56 0.14 0.000215036
0.56 0.16 0.000214562
0.56 0.18 0.0002141
0.56 0.2 0.000213651
0.56 0.22 0.000213215
0.56 0.24 0.000212791
0.56 0.26 0.000212379
0.56 0.28 0.000211979
0.56 0.3 0.000211592
0.56 0.32 0.000211217
0.56 0.34 0.000210854
0.56 0.36 0.000210503
0.56 0.38 0.000210164
0.56 0.4 0.000209837
0.56 0.42 0.000209522
0.56 0.44 0.000209219
0.56 0.46 0.000208928
0.56 0.48 0.000208648
0.56 0.5 0.00020838
0.56 0.52 0.000208124
0.56 0.54 0.000207879
0.56 0.56 0.000207646
0.56 0.58 0.000207425
0.56 0.6 0.000207215
0.56 0.62 0.000207016
0.56 0.64 0.000206829
0.56 0.66 0.000206653
0.56 0.68 0.000206488
0.56 0.7 0.000206334
0.56 0.72 0.000206192
0.56 0.74 0.000206061
0.56 0.76 0.000205941
0.56 0.78 0.000205832
0.56 0.8 0.000205734
0.56 0.82 0.000205647
0.56 0.84 0.000205571
0.56 0.86 0.000205506
0.56 0.88 0.000205452
0.56 0.9 0.000205409
0.56 0.92 0.000205377
0.56 0.94 0.000205355
0.56 0.96 0.000205344
0.56 0.98 0.000205344

0.58 0 0.000217009
0.58 0.02 0.000216449
0.58 0.04 0.000215903
0.58 0.06 0.000215369
0.58 0.08 0.000214848
0.58 0.1 0.00021434
0.58 0.12 0.000213844
0.58 0.14 0.000213361
0.58 0.16 0.000212891
0.58 0.18 0.000212433
0.58 0.2 0.000211987
0.58 0.22 0.000211554
0.58 0.24 0.000211133
0.58 0.26 0.000210725
0.58 0.28 0.000210328
0.58 0.3 0.000209944
0.58 0.32 0.000209572
0.58 0.34 0.000209212
0.58 0.36 0.000208864
0.58 0.38 0.000208527
0.58 0.4 0.000208203
0.58 0.42 0.000207891
0.58 0.44 0.00020759
0.58 0.46 0.000207301
0.58 0.48 0.000207023
0.58 0.5 0.000206757
0.58 0.52 0.000206503
0.58 0.54 0.00020626
0.58 0.56 0.000206029
0.58 0.58 0.000205809
0.58 0.6 0.000205601
0.58 0.62 0.000205404
0.58 0.64 0.000205218
0.58 0.66 0.000205043
0.58 0.68 0.00020488
0.58 0.7 0.000204727
0.58 0.72 0.000204586
0.58 0.74 0.000204456
0.58 0.76 0.000204337
0.58 0.78 0.000204229
0.58 0.8 0.000204132
0.58 0.82 0.000204045
0.58 0.84 0.00020397
0.58 0.86 0.000203906
0.58 0.88 0.000203852
0.58 0.9 0.000203809
0.58 0.92 0.000203777
0.58 0.94 0.000203756
0.58 0.96 0.000203745
0.58 0.98 0.000203745

0.6 0 0.000214179
0.6 0.02 0.000213627
0.6 0.04 0.000213087
0.6 0.06 0.000212561
0.6 0.08 0.000212046
0.6 0.1 0.000211545
0.6 0.12 0.000211056
0.6 0.14 0.000210579
0.6 0.16 0.000210115
0.6 0.18 0.000209663
0.6 0.2 0.000209223
0.6 0.22 0.000208796
0.6 0.24 0.00020838
0.6 0.26 0.000207977
0.6 0.28 0.000207586
0.6 0.3 0.000207207
0.6 0.32 0.000206839
0.6 0.34 0.000206484
0.6 0.36 0.00020614
0.6 0.38 0.000205808
0.6 0.4 0.000205488
0.6 0.42 0.00020518
0.6 0.44 0.000204883
0.6 0.46 0.000204598
0.6 0.48 0.000204324
0.6 0.5 0.000204061
0.6 0.52 0.000203811
0.6 0.54 0.000203571
0.6 0.56 0.000203343
0.6 0.58 0.000203126
0.6 0.6 0.00020292
0.6 0.62 0.000202725
0.6 0.64 0.000202542
0.6 0.66 0.000202369
0.6 0.68 0.000202208
0.6 0.7 0.000202058
0.6 0.72 0.000201918
0.6 0.74 0.00020179
0.6 0.76 0.000201672
0.6 0.78 0.000201566
0.6 0.8 0.00020147
0.6 0.82 0.000201385
0.6 0.84 0.000201311
0.6 0.86 0.000201247
0.6 0.88 0.000201194
0.6 0.9 0.000201152
0.6 0.92 0.00020112
0.6 0.94 0.000201099
0.6 0.96 0.000201088
0.6 0.98 0.000201088

0.62 0 0.000210241
0.62 0.02 0.000209699
0.62 0.04 0.000209169
0.62 0.06 0.000208652
0.62 0.08 0.000208148
0.62 0.1 0.000207655
0.62 0.12 0.000207175
0.62 0.14 0.000206707
0.62 0.16 0.000206251
0.62 0.18 0.000205808
0.62 0.2 0.000205376
0.62 0.22 0.000204957
0.62 0.24 0.000204549
0.62 0.26 0.000204153
0.62 0.28 0.000203769
0.62 0.3 0.000203397
0.62 0.32 0.000203036
0.62 0.34 0.000202687
0.62 0.36 0.00020235
0.62 0.38 0.000202024
0.62 0.4 0.00020171
0.62 0.42 0.000201407
0.62 0.44 0.000201116
0.62 0.46 0.000200836
0.62 0.48 0.000200567
0.62 0.5 0.000200309
0.62 0.52 0.000200063
0.62 0.54 0.000199828
0.62 0.56 0.000199604
0.62 0.58 0.000199391
0.62 0.6 0.000199189
0.62 0.62 0.000198998
0.62 0.64 0.000198818
0.62 0.66 0.000198648
0.62 0.68 0.00019849
0.62 0.7 0.000198343
0.62 0.72 0.000198206
0.62 0.74 0.00019808
0.62 0.76 0.000197964
0.62 0.78 0.00019786
0.62 0.8 0.000197765
0.62 0.82 0.000197682
0.62 0.84 0.000197609
0.62 0.86 0.000197547
0.62 0.88 0.000197495
0.62 0.9 0.000197453
0.62 0.92 0.000197422
0.62 0.94 0.000197401
0.62 0.96 0.000197391
0.62 0.98 0.000197391

0.64 0 0.000205218
0.64 0.02 0.000204689
0.64 0.04 0.000204172
0.64 0.06 0.000203667
0.64 0.08 0.000203174
0.64 0.1 0.000202694
0.64 0.12 0.000202225
0.64 0.14 0.000201768
0.64 0.16 0.000201324
0.64 0.18 0.00020089
0.64 0.2 0.000200469
0.64 0.22 0.00020006
0.64 0.24 0.000199662
0.64 0.26 0.000199275
0.64 0.28 0.0001989
0.64 0.3 0.000198537
0.64 0.32 0.000198185
0.64 0.34 0.000197845
0.64 0.36 0.000197515
0.64 0.38 0.000197197
0.64 0.4 0.000196891
0.64 0.42 0.000196595
0.64 0.44 0.000196311
0.64 0.46 0.000196037
0.64 0.48 0.000195775
0.64 0.5 0.000195523
0.64 0.52 0.000195283
0.64 0.54 0.000195053
0.64 0.56 0.000194835
0.64 0.58 0.000194627
0.64 0.6 0.00019443
0.64 0.62 0.000194243
0.64 0.64 0.000194067
0.64 0.66 0.000193902
0.64 0.68 0.000193748
0.64 0.7 0.000193604
0.64 0.72 0.00019347
0.64 0.74 0.000193347
0.64 0.76 0.000193234
0.64 0.78 0.000193132
0.64 0.8 0.00019304
0.64 0.82 0.000192959
0.64 0.84 0.000192888
0.64 0.86 0.000192827
0.64 0.88 0.000192776
0.64 0.9 0.000192735
0.64 0.92 0.000192705
0.64 0.94 0.000192685
0.64 0.96 0.000192675
0.64 0.98 0.000192675

0.66 0 0.000199138
0.66 0.02 0.000198625
0.66 0.04 0.000198123
0.66 0.06 0.000197634
0.66 0.08 0.000197156
0.66 0.1 0.000196689
0.66 0.12 0.000196234
0.66 0.14 0.000195791
0.66 0.16 0.000195359
0.66 0.18 0.000194939
0.66 0.2 0.00019453
0.66 0.22 0.000194133
0.66 0.24 0.000193747
0.66 0.26 0.000193372
0.66 0.28 0.000193008
0.66 0.3 0.000192656
0.66 0.32 0.000192314
0.66 0.34 0.000191984
0.66 0.36 0.000191664
0.66 0.38 0.000191356
0.66 0.4 0.000191058
0.66 0.42 0.000190771
0.66 0.44 0.000190495
0.66 0.46 0.00019023
0.66 0.48 0.000189975
0.66 0.5 0.000189731
0.66 0.52 0.000189498
0.66 0.54 0.000189275
0.66 0.56 0.000189063
0.66 0.58 0.000188861
0.66 0.6 0.00018867
0.66 0.62 0.000188489
0.66 0.64 0.000188318
0.66 0.66 0.000188158
0.66 0.68 0.000188008
0.66 0.7 0.000187868
0.66 0.72 0.000187739
0.66 0.74 0.000187619
0.66 0.76 0.00018751
0.66 0.78 0.000187411
0.66 0.8 0.000187322
0.66 0.82 0.000187242
0.66 0.84 0.000187173
0.66 0.86 0.000187114
0.66 0.88 0.000187065
0.66 0.9 0.000187026
0.66 0.92 0.000186996
0.66 0.94 0.000186977
0.66 0.96 0.000186967
0.66 0.98 0.000186967

0.68 0 0.000192037
0.68 0.02 0.000191542
0.68 0.04 0.000191058
0.68 0.06 0.000190586
0.68 0.08 0.000190125
0.68 0.1 0.000189675
0.68 0.12 0.000189237
0.68 0.14 0.000188809
0.68 0.16 0.000188393
0.68 0.18 0.000187988
0.68 0.2 0.000187594
0.68 0.22 0.00018721
0.68 0.24 0.000186838
0.68 0.26 0.000186476
0.68 0.28 0.000186126
0.68 0.3 0.000185786
0.68 0.32 0.000185456
0.68 0.34 0.000185138
0.68 0.36 0.000184829
0.68 0.38 0.000184532
0.68 0.4 0.000184245
0.68 0.42 0.000183968
0.68 0.44 0.000183702
0.68 0.46 0.000183446
0.68 0.48 0.000183201
0.68 0.5 0.000182965
0.68 0.52 0.00018274
0.68 0.54 0.000182526
0.68 0.56 0.000182321
0.68 0.58 0.000182126
0.68 0.6 0.000181942
0.68 0.62 0.000181767
0.68 0.64 0.000181603
0.68 0.66 0.000181448
0.68 0.68 0.000181304
0.68 0.7 0.000181169
0.68 0.72 0.000181044
0.68 0.74 0.000180929
0.68 0.76 0.000180823
0.68 0.78 0.000180728
0.68 0.8 0.000180642
0.68 0.82 0.000180565
0.68 0.84 0.000180499
0.68 0.86 0.000180442
0.68 0.88 0.000180394
0.68 0.9 0.000180356
0.68 0.92 0.000180328
0.68 0.94 0.000180309
0.68 0.96 0.0001803
0.68 0.98 0.0001803

0.7 0 0.000183954
0.7 0.02 0.00018348
0.7 0.04 0.000183016
0.7 0.06 0.000182564
0.7 0.08 0.000182122
0.7 0.1 0.000181691
0.7 0.12 0.000181271
0.7 0.14 0.000180862
0.7 0.16 0.000180463
0.7 0.18 0.000180075
0.7 0.2 0.000179697
0.7 0.22 0.00017933
0.7 0.24 0.000178973
0.7 0.26 0.000178627
0.7 0.28 0.000178291
0.7 0.3 0.000177965
0.7 0.32 0.00017765
0.7 0.34 0.000177345
0.7 0.36 0.000177049
0.7 0.38 0.000176764
0.7 0.4 0.000176489
0.7 0.42 0.000176224
0.7 0.44 0.00017597
0.7 0.46 0.000175724
0.7 0.48 0.000175489
0.7 0.5 0.000175264
0.7 0.52 0.000175048
0.7 0.54 0.000174843
0.7 0.56 0.000174647
0.7 0.58 0.00017446
0.7 0.6 0.000174283
0.7 0.62 0.000174116
0.7 0.64 0.000173959
0.7 0.66 0.000173811
0.7 0.68 0.000173672
0.7 0.7 0.000173543
0.7 0.72 0.000173423
0.7 0.74 0.000173313
0.7 0.76 0.000173212
0.7 0.78 0.00017312
0.7 0.8 0.000173038
0.7 0.82 0.000172965
0.7 0.84 0.000172901
0.7 0.86 0.000172846
0.7 0.88 0.000172801
0.7 0.9 0.000172765
0.7 0.92 0.000172737
0.7 0.94 0.000172719
0.7 0.96 0.00017271
0.7 0.98 0.00017271

0.72 0 0.000174933
0.72 0.02 0.000174482
0.72 0.04 0.000174041
0.72 0.06 0.000173611
0.72 0.08 0.000173191
0.72 0.1 0.000172781
0.72 0.12 0.000172382
0.72 0.14 0.000171993
0.72 0.16 0.000171613
0.72 0.18 0.000171244
0.72 0.2 0.000170885
0.72 0.22 0.000170536
0.72 0.24 0.000170197
0.72 0.26 0.000169867
0.72 0.28 0.000169548
0.72 0.3 0.000169238
0.72 0.32 0.000168938
0.72 0.34 0.000168648
0.72 0.36 0.000168367
0.72 0.38 0.000168096
0.72 0.4 0.000167835
0.72 0.42 0.000167583
0.72 0.44 0.00016734
0.72 0.46 0.000167107
0.72 0.48 0.000166883
0.72 0.5 0.000166669
0.72 0.52 0.000166464
0.72 0.54 0.000166269
0.72 0.56 0.000166082
0.72 0.58 0.000165905
0.72 0.6 0.000165737
0.72 0.62 0.000165578
0.72 0.64 0.000165428
0.72 0.66 0.000165287
0.72 0.68 0.000165155
0.72 0.7 0.000165033
0.72 0.72 0.000164919
0.72 0.74 0.000164814
0.72 0.76 0.000164718
0.72 0.78 0.000164631
0.72 0.8 0.000164552
0.72 0.82 0.000164483
0.72 0.84 0.000164422
0.72 0.86 0.00016437
0.72 0.88 0.000164327
0.72 0.9 0.000164292
0.72 0.92 0.000164267
0.72 0.94 0.000164249
0.72 0.96 0.000164241
0.72 0.98 0.000164241

0.74 0 0.000165024
0.74 0.02 0.000164599
0.74 0.04 0.000164183
0.74 0.06 0.000163777
0.74 0.08 0.000163381
0.74 0.1 0.000162994
0.74 0.12 0.000162617
0.74 0.14 0.00016225
0.74 0.16 0.000161892
0.74 0.18 0.000161544
0.74 0.2 0.000161205
0.74 0.22 0.000160876
0.74 0.24 0.000160556
0.74 0.26 0.000160245
0.74 0.28 0.000159944
0.74 0.3 0.000159652
0.74 0.32 0.000159369
0.74 0.34 0.000159095
0.74 0.36 0.00015883
0.74 0.38 0.000158574
0.74 0.4 0.000158328
0.74 0.42 0.00015809
0.74 0.44 0.000157861
0.74 0.46 0.000157641
0.74 0.48 0.00015743
0.74 0.5 0.000157228
0.74 0.52 0.000157035
0.74 0.54 0.00015685
0.74 0.56 0.000156674
0.74 0.58 0.000156507
0.74 0.6 0.000156349
0.74 0.62 0.000156199
0.74 0.64 0.000156057
0.74 0.66 0.000155924
0.74 0.68 0.0001558
0.74 0.7 0.000155684
0.74 0.72 0.000155577
0.74 0.74 0.000155478
0.74 0.76 0.000155387
0.74 0.78 0.000155305
0.74 0.8 0.000155231
0.74 0.82 0.000155166
0.74 0.84 0.000155109
0.74 0.86 0.00015506
0.74 0.88 0.000155019
0.74 0.9 0.000154986
0.74 0.92 0.000154962
0.74 0.94 0.000154945
0.74 0.96 0.000154937
0.74 0.98 0.000154937

0.76 0 0.000154281
0.76 0.02 0.000153883
0.76 0.04 0.000153494
0.76 0.06 0.000153115
0.76 0.08 0.000152745
0.76 0.1 0.000152383
0.76 0.12 0.000152031
0.76 0.14 0.000151688
0.76 0.16 0.000151353
0.76 0.18 0.000151028
0.76 0.2 0.000150711
0.76 0.22 0.000150403
0.76 0.24 0.000150104
0.76 0.26 0.000149813
0.76 0.28 0.000149531
0.76 0.3 0.000149258
0.76 0.32 0.000148994
0.76 0.34 0.000148738
0.76 0.36 0.00014849
0.76 0.38 0.000148251
0.76 0.4 0.00014802
0.76 0.42 0.000147798
0.76 0.44 0.000147584
0.76 0.46 0.000147379
0.76 0.48 0.000147182
0.76 0.5 0.000146993
0.76 0.52 0.000146812
0.76 0.54 0.000146639
0.76 0.56 0.000146475
0.76 0.58 0.000146318
0.76 0.6 0.00014617
0.76 0.62 0.00014603
0.76 0.64 0.000145898
0.76 0.66 0.000145774
0.76 0.68 0.000145657
0.76 0.7 0.000145549
0.76 0.72 0.000145449
0.76 0.74 0.000145356
0.76 0.76 0.000145272
0.76 0.78 0.000145195
0.76 0.8 0.000145126
0.76 0.82 0.000145064
0.76 0.84 0.000145011
0.76 0.86 0.000144965
0.76 0.88 0.000144927
0.76 0.9 0.000144896
0.76 0.92 0.000144874
0.76 0.94 0.000144858
0.76 0.96 0.000144851
0.76 0.98 0.000144851

0.78 0 0.000142762
0.78 0.02 0.000142394
0.78 0.04 0.000142034
0.78 0.06 0.000141683
0.78 0.08 0.00014134
0.78 0.1 0.000141006
0.78 0.12 0.00014068
0.78 0.14 0.000140362
0.78 0.16 0.000140053
0.78 0.18 0.000139751
0.78 0.2 0.000139458
0.78 0.22 0.000139173
0.78 0.24 0.000138896
0.78 0.26 0.000138628
0.78 0.28 0.000138367
0.78 0.3 0.000138114
0.78 0.32 0.000137869
0.78 0.34 0.000137632
0.78 0.36 0.000137403
0.78 0.38 0.000137182
0.78 0.4 0.000136969
0.78 0.42 0.000136763
0.78 0.44 0.000136565
0.78 0.46 0.000136375
0.78 0.48 0.000136192
0.78 0.5 0.000136018
0.78 0.52 0.00013585
0.78 0.54 0.000135691
0.78 0.56 0.000135538
0.78 0.58 0.000135394
0.78 0.6 0.000135257
0.78 0.62 0.000135127
0.78 0.64 0.000135005
0.78 0.66 0.00013489
0.78 0.68 0.000134782
0.78 0.7 0.000134682
0.78 0.72 0.000134589
0.78 0.74 0.000134503
0.78 0.76 0.000134425
0.78 0.78 0.000134354
0.78 0.8 0.00013429
0.78 0.82 0.000134233
0.78 0.84 0.000134184
0.78 0.86 0.000134141
0.78 0.88 0.000134106
0.78 0.9 0.000134078
0.78 0.92 0.000134057
0.78 0.94 0.000134043
0.78 0.96 0.000134036
0.78 0.98 0.000134036

0.8 0 0.000130528
0.8 0.02 0.000130192
0.8 0.04 0.000129863
0.8 0.06 0.000129542
0.8 0.08 0.000129229
0.8 0.1 0.000128923
0.8 0.12 0.000128625
0.8 0.14 0.000128334
0.8 0.16 0.000128051
0.8 0.18 0.000127776
0.8 0.2 0.000127508
0.8 0.22 0.000127247
0.8 0.24 0.000126994
0.8 0.26 0.000126749
0.8 0.28 0.00012651
0.8 0.3 0.000126279
0.8 0.32 0.000126055
0.8 0.34 0.000125839
0.8 0.36 0.000125629
0.8 0.38 0.000125427
0.8 0.4 0.000125232
0.8 0.42 0.000125044
0.8 0.44 0.000124863
0.8 0.46 0.000124689
0.8 0.48 0.000124522
0.8 0.5 0.000124362
0.8 0.52 0.000124209
0.8 0.54 0.000124063
0.8 0.56 0.000123924
0.8 0.58 0.000123792
0.8 0.6 0.000123666
0.8 0.62 0.000123548
0.8 0.64 0.000123436
0.8 0.66 0.000123331
0.8 0.68 0.000123233
0.8 0.7 0.000123141
0.8 0.72 0.000123056
0.8 0.74 0.000122978
0.8 0.76 0.000122906
0.8 0.78 0.000122841
0.8 0.8 0.000122783
0.8 0.82 0.000122731
0.8 0.84 0.000122685
0.8 0.86 0.000122647
0.8 0.88 0.000122614
0.8 0.9 0.000122589
0.8 0.92 0.000122569
0.8 0.94 0.000122556
0.8 0.96 0.00012255
0.8 0.98 0.00012255

0.82 0 0.000117647
0.82 0.02 0.000117343
0.82 0.04 0.000117047
0.82 0.06 0.000116758
0.82 0.08 0.000116475
0.82 0.1 0.0001162
0.82 0.12 0.000115931
0.82 0.14 0.000115669
0.82 0.16 0.000115414
0.82 0.18 0.000115166
0.82 0.2 0.000114924
0.82 0.22 0.000114689
0.82 0.24 0.000114461
0.82 0.26 0.00011424
0.82 0.28 0.000114025
0.82 0.3 0.000113817
0.82 0.32 0.000113615
0.82 0.34 0.00011342
0.82 0.36 0.000113231
0.82 0.38 0.000113049
0.82 0.4 0.000112873
0.82 0.42 0.000112703
0.82 0.44 0.00011254
0.82 0.46 0.000112383
0.82 0.48 0.000112233
0.82 0.5 0.000112089
0.82 0.52 0.000111951
0.82 0.54 0.000111819
0.82 0.56 0.000111694
0.82 0.58 0.000111575
0.82 0.6 0.000111462
0.82 0.62 0.000111355
0.82 0.64 0.000111254
0.82 0.66 0.000111159
0.82 0.68 0.000111071
0.82 0.7 0.000110988
0.82 0.72 0.000110912
0.82 0.74 0.000110841
0.82 0.76 0.000110777
0.82 0.78 0.000110718
0.82 0.8 0.000110665
0.82 0.82 0.000110619
0.82 0.84 0.000110578
0.82 0.86 0.000110543
0.82 0.88 0.000110514
0.82 0.9 0.00011049
0.82 0.92 0.000110473
0.82 0.94 0.000110461
0.82 0.96 0.000110456
0.82 0.98 0.000110456

0.84 0 0.000104185
0.84 0.02 0.000103917
0.84 0.04 0.000103654
0.84 0.06 0.000103398
0.84 0.08 0.000103148
0.84 0.1 0.000102904
0.84 0.12 0.000102666
0.84 0.14 0.000102434
0.84 0.16 0.000102208
0.84 0.18 0.000101988
0.84 0.2 0.000101774
0.84 0.22 0.000101566
0.84 0.24 0.000101364
0.84 0.26 0.000101168
0.84 0.28 0.000100978
0.84 0.3 0.000100793
0.84 0.32 0.000100615
0.84 0.34 0.000100442
0.84 0.36 0.000100275
0.84 0.38 0.000100113
0.84 0.4 9.99575e-05
0.84 0.42 9.98074e-05
0.84 0.44 9.9663e-05
0.84 0.46 9.95242e-05
0.84 0.48 9.9391e-05
0.84 0.5 9.92634e-05
0.84 0.52 9.91413e-05
0.84 0.54 9.90247e-05
0.84 0.56 9.89137e-05
0.84 0.58 9.88081e-05
0.84 0.6 9.8708e-05
0.84 0.62 9.86133e-05
0.84 0.64 9.85241e-05
0.84 0.66 9.84402e-05
0.84 0.68 9.83617e-05
0.84 0.7 9.82886e-05
0.84 0.72 9.82208e-05
0.84 0.74 9.81583e-05
0.84 0.76 9.81011e-05
0.84 0.78 9.80492e-05
0.84 0.8 9.80026e-05
0.84 0.82 9.79612e-05
0.84 0.84 9.7925e-05
0.84 0.86 9.78941e-05
0.84 0.88 9.78683e-05
0.84 0.9 9.78477e-05
0.84 0.92 9.78323e-05
0.84 0.94 9.78221e-05
0.84 0.96 9.78169e-05
0.84 0.98 9.78169e-05

0.86 0 9.02156e-05
0.86 0.02 8.9983e-05
0.86 0.04 8.97558e-05
0.86 0.06 8.95339e-05
0.86 0.08 8.93173e-05
0.86 0.1 8.9106e-05
0.86 0.12 8.89e-05
0.86 0.14 8.86992e-05
0.86 0.16 8.85036e-05
0.86 0.18 8.83132e-05
0.86 0.2 8.8128e-05
0.86 0.22 8.7948e-05
0.86 0.24 8.7773e-05
0.86 0.26 8.76032e-05
0.86 0.28 8.74384e-05
0.86 0.3 8.72786e-05
0.86 0.32 8.71239e-05
0.86 0.34 8.69742e-05
0.86 0.36 8.68294e-05
0.86 0.38 8.66896e-05
0.86 0.4 8.65548e-05
0.86 0.42 8.64248e-05
0.86 0.44 8.62998e-05
0.86 0.46 8.61796e-05
0.86 0.48 8.60643e-05
0.86 0.5 8.59537e-05
0.86 0.52 8.5848e-05
0.86 0.54 8.57471e-05
0.86 0.56 8.56509e-05
0.86 0.58 8.55595e-05
0.86 0.6 8.54728e-05
0.86 0.62 8.53909e-05
0.86 0.64 8.53136e-05
0.86 0.66 8.5241e-05
0.86 0.68 8.5173e-05
0.86 0.7 8.51097e-05
0.86 0.72 8.5051e-05
0.86 0.74 8.49969e-05
0.86 0.76 8.49473e-05
0.86 0.78 8.49024e-05
0.86 0.8 8.4862e-05
0.86 0.82 8.48262e-05
0.86 0.84 8.47949e-05
0.86 0.86 8.47681e-05
0.86 0.88 8.47458e-05
0.86 0.9 8.47279e-05
0.86 0.92 8.47146e-05
0.86 0.94 8.47057e-05
0.86 0.96 8.47013e-05
0.86 0.98 8.47013e-05

0.88 0 7.58121e-05
0.88 0.02 7.56166e-05
0.88 0.04 7.54257e-05
0.88 0.06 7.52392e-05
0.88 0.08 7.50572e-05
0.88 0.1 7.48796e-05
0.88 0.12 7.47065e-05
0.88 0.14 7.45378e-05
0.88 0.16 7.43734e-05
0.88 0.18 7.42134e-05
0.88 0.2 7.40578e-05
0.88 0.22 7.39065e-05
0.88 0.24 7.37595e-05
0.88 0.26 7.36167e-05
0.88 0.28 7.34782e-05
0.88 0.3 7.3344e-05
0.88 0.32 7.3214e-05
0.88 0.34 7.30882e-05
0.88 0.36 7.29665e-05
0.88 0.38 7.28491e-05
0.88 0.4 7.27357e-05
0.88 0.42 7.26265e-05
0.88 0.44 7.25215e-05
0.88 0.46 7.24204e-05
0.88 0.48 7.23235e-05
0.88 0.5 7.22306e-05
0.88 0.52 7.21418e-05
0.88 0.54 7.2057e-05
0.88 0.56 7.19762e-05
0.88 0.58 7.18994e-05
0.88 0.6 7.18265e-05
0.88 0.62 7.17576e-05
0.88 0.64 7.16927e-05
0.88 0.66 7.16317e-05
0.88 0.68 7.15745e-05
0.88 0.7 7.15213e-05
0.88 0.72 7.1472e-05
0.88 0.74 7.14265e-05
0.88 0.76 7.13849e-05
0.88 0.78 7.13472e-05
0.88 0.8 7.13132e-05
0.88 0.82 7.12831e-05
0.88 0.84 7.12568e-05
0.88 0.86 7.12343e-05
0.88 0.88 7.12155e-05
0.88 0.9 7.12005e-05
0.88 0.92 7.11893e-05
0.88 0.94 7.11819e-05
0.88 0.96 7.11781e-05
0.88 0.98 7.11781e-05

0.9 0 6.10507e-05
0.9 0.02 6.08933e-05
0.9 0.04 6.07396e-05
0.9 0.06 6.05894e-05
0.9 0.08 6.04428e-05
0.9 0.1 6.02998e-05
0.9 0.12 6.01604e-05
0.9 0.14 6.00245e-05
0.9 0.16 5.98922e-05
0.9 0.18 5.97634e-05
0.9 0.2 5.9638e-05
0.9 0.22 5.95162e-05
0.9 0.24 5.93978e-05
0.9 0.26 5.92828e-05
0.9 0.28 5.91713e-05
0.9 0.3 5.90632e-05
0.9 0.32 5.89585e-05
0.9 0.34 5.88572e-05
0.9 0.36 5.87592e-05
0.9 0.38 5.86646e-05
0.9 0.4 5.85734e-05
0.9 0.42 5.84854e-05
0.9 0.44 5.84008e-05
0.9 0.46 5.83195e-05
0.9 0.48 5.82414e-05
0.9 0.5 5.81666e-05
0.9 0.52 5.80951e-05
0.9 0.54 5.80268e-05
0.9 0.56 5.79617e-05
0.9 0.58 5.78999e-05
0.9 0.6 5.78412e-05
0.9 0.62 5.77857e-05
0.9 0.64 5.77334e-05
0.9 0.66 5.76843e-05
0.9 0.68 5.76383e-05
0.9 0.7 5.75954e-05
0.9 0.72 5.75557e-05
0.9 0.74 5.75191e-05
0.9 0.76 5.74856e-05
0.9 0.78 5.74552e-05
0.9 0.8 5.74278e-05
0.9 0.82 5.74036e-05
0.9 0.84 5.73824e-05
0.9 0.86 5.73642e-05
0.9 0.88 5.73492e-05
0.9 0.9 5.73371e-05
0.9 0.92 5.73281e-05
0.9 0.94 5.73221e-05
0.9 0.96 5.73191e-05
0.9 0.98 5.73191e-05

0.92 0 4.60094e-05
0.92 0.02 4.58908e-05
0.92 0.04 4.57749e-05
0.92 0.06 4.56617e-05
0.92 0.08 4.55513e-05
0.92 0.1 4.54435e-05
0.92 0.12 4.53384e-05
0.92 0.14 4.5236e-05
0.92 0.16 4.51363e-05
0.92 0.18 4.50392e-05
0.92 0.2 4.49447e-05
0.92 0.22 4.48529e-05
0.92 0.24 4.47637e-05
0.92 0.26 4.46771e-05
0.92 0.28 4.4593e-05
0.92 0.3 4.45115e-05
0.92 0.32 4.44326e-05
0.92 0.34 4.43563e-05
0.92 0.36 4.42825e-05
0.92 0.38 4.42112e-05
0.92 0.4 4.41424e-05
0.92 0.42 4.40761e-05
0.92 0.44 4.40123e-05
0.92 0.46 4.3951e-05
0.92 0.48 4.38922e-05
0.92 0.5 4.38359e-05
0.92 0.52 4.37819e-05
0.92 0.54 4.37305e-05
0.92 0.56 4.36814e-05
0.92 0.58 4.36348e-05
0.92 0.6 4.35906e-05
0.92 0.62 4.35488e-05
0.92 0.64 4.35094e-05
0.92 0.66 4.34723e-05
0.92 0.68 4.34377e-05
0.92 0.7 4.34054e-05
0.92 0.72 4.33754e-05
0.92 0.74 4.33478e-05
0.92 0.76 4.33226e-05
0.92 0.78 4.32997e-05
0.92 0.8 4.32791e-05
0.92 0.82 4.32608e-05
0.92 0.84 4.32448e-05
0.92 0.86 4.32312e-05
0.92 0.88 4.32198e-05
0.92 0.9 4.32107e-05
0.92 0.92 4.32039e-05
0.92 0.94 4.31994e-05
0.92 0.96 4.31971e-05
0.92 0.98 4.31971e-05

0.94 0 3.07671e-05
0.94 0.02 3.06878e-05
0.94 0.04 3.06103e-05
0.94 0.06 3.05346e-05
0.94 0.08 3.04608e-05
0.94 0.1 3.03887e-05
0.94 0.12 3.03185e-05
0.94 0.14 3.025e-05
0.94 0.16 3.01833e-05
0.94 0.18 3.01184e-05
0.94 0.2 3.00552e-05
0.94 0.22 2.99938e-05
0.94 0.24 2.99341e-05
0.94 0.26 2.98762e-05
0.94 0.28 2.982e-05
0.94 0.3 2.97655e-05
0.94 0.32 2.97127e-05
0.94 0.34 2.96617e-05
0.94 0.36 2.96123e-05
0.94 0.38 2.95646e-05
0.94 0.4 2.95186e-05
0.94 0.42 2.94743e-05
0.94 0.44 2.94317e-05
0.94 0.46 2.93907e-05
0.94 0.48 2.93513e-05
0.94 0.5 2.93137e-05
0.94 0.52 2.92776e-05
0.94 0.54 2.92432e-05
0.94 0.56 2.92104e-05
0.94 0.58 2.91792e-05
0.94 0.6 2.91496e-05
0.94 0.62 2.91217e-05
0.94 0.64 2.90953e-05
0.94 0.66 2.90706e-05
0.94 0.68 2.90474e-05
0.94 0.7 2.90258e-05
0.94 0.72 2.90058e-05
0.94 0.74 2.89873e-05
0.94 0.76 2.89704e-05
0.94 0.78 2.89551e-05
0.94 0.8 2.89413e-05
0.94 0.82 2.89291e-05
0.94 0.84 2.89184e-05
0.94 0.86 2.89093e-05
0.94 0.88 2.89017e-05
0.94 0.9 2.88956e-05
0.94 0.92 2.8891e-05
0.94 0.94 2.8888e-05
0.94 0.96 2.88865e-05
0.94 0.98 2.88865e-05

0.96 0 1.54039e-05
0.96 0.02 1.53642e-05
0.96 0.04 1.53254e-05
0.96 0.06 1.52875e-05
0.96 0.08 1.52505e-05
0.96 0.1 1.52144e-05
0.96 0.12 1.51792e-05
0.96 0.14 1.5145e-05
0.96 0.16 1.51116e-05
0.96 0.18 1.50791e-05
0.96 0.2 1.50474e-05
0.96 0.22 1.50167e-05
0.96 0.24 1.49868e-05
0.96 0.26 1.49578e-05
0.96 0.28 1.49297e-05
0.96 0.3 1.49024e-05
0.96 0.32 1.4876e-05
0.96 0.34 1.48504e-05
0.96 0.36 1.48257e-05
0.96 0.38 1.48018e-05
0.96 0.4 1.47788e-05
0.96 0.42 1.47566e-05
0.96 0.44 1.47353e-05
0.96 0.46 1.47148e-05
0.96 0.48 1.46951e-05
0.96 0.5 1.46762e-05
0.96 0.52 1.46581e-05
0.96 0.54 1.46409e-05
0.96 0.56 1.46245e-05
0.96 0.58 1.46089e-05
0.96 0.6 1.45941e-05
0.96 0.62 1.45801e-05
0.96 0.64 1.45669e-05
0.96 0.66 1.45545e-05
0.96 0.68 1.45429e-05
0.96 0.7 1.45321e-05
0.96 0.72 1.4522e-05
0.96 0.74 1.45128e-05
0.96 0.76 1.45043e-05
0.96 0.78 1.44967e-05
0.96 0.8 1.44898e-05
0.96 0.82 1.44837e-05
0.96 0.84 1.44783e-05
0.96 0.86 1.44737e-05
0.96 0.88 1.44699e-05
0.96 0.9 1.44669e-05
0.96 0.92 1.44646e-05
0.96 0.94 1.44631e-05
0.96 0.96 1.44623e-05
0.96 0.98 1.44623e-05

0.98 0 0
0.98 0.02 0
0.98 0.04 0
0.98 0.06 0
0.98 0.08 0
0.98 0.1 0
0.98 0.12 0
0.98 0.14 0
0.98 0.16 0
0.98 0.18 0
0.98 0.2 0
0.98 0.22 0
0.98 0.24 0
0.98 0.26 0
0.98 0.28 0
0.98 0.3 0
0.98 0.32 0
0.98 0.34 0
0.98 0.36 0
0.98 0.38 0
0.98 0.4 0
0.98 0.42 0
0.98 0.44 0
0.98 0.46 0
0.98 0.48 0
0.98 0.5 0
0.98 0.52 0
0.98 0.54 0
0.98 0.56 0
0.98 0.58 0
0.98 0.6 0
0.98 0.62 0
0.98 0.64 0
0.98 0.66 0
0.98 0.68 0
0.98 0.7 0
0.98 0.72 0
0.98 0.74 0
0.98 0.76 0
0.98 0.78 0
0.98 0.8 0
0.98 0.82 0
0.98 0.84 0
0.98 0.86 0
0.98 0.88 0
0.98 0.9 0
0.98 0.92 0
0.98 0.94 0
0.98 0.96 0
0.98 0.98 0

